1 2 13
21 3 1
41 1 1
61 1 2
81 2 1
101 1 1
121 2 1
141 2 2
161 2 2
181 2 2
201 11 3
221 3 3
241 3 3
261 3 4
281 3 4
301 5 4
321 5 4
341 5 5
361 5 5
381 5 5
401 6 6
421 6 6
441 7 7
461 7 6
481 8 8
501 8 7
521 9 8
541 9 8
561 9 9
581 10 10
601 11 10
621 11 11
641 12 11
661 12 13
681 13 13
701 13 13
721 14 14
741 14 23
761 17 16
781 17 17
801 17 17
821 18 18
841 19 19
861 19 19
881 21 21
901 22 21
921 22 22
941 24 23
961 24 24
981 25 25
1001 27 25
1021 27 27
1041 53 27
1061 28 28
1081 29 30
1101 30 30
1121 31 31
1141 31 32
1161 33 34
1181 33 35
1201 34 35
1221 35 37
1241 37 38
1261 37 39
1281 38 40
1301 39 42
1321 49 42
1341 41 44
1361 42 45
1381 44 46
1401 45 55
1421 53 47
1441 44 65
1461 45 49
1481 47 51
1501 50 54
1521 50 55
1541 51 57
1561 52 58
1581 53 59
1601 54 64
1621 56 62
1641 58 64
1661 58 65
1681 60 66
1701 61 68
1721 62 70
1741 62 71
1761 64 72
1781 65 74
1801 67 95
1821 68 78
1841 77 77
1861 68 79
1881 70 79
1901 70 81
1921 73 83
1941 73 84
1961 75 86
1981 86 107
2001 79 89
2021 80 91
2041 81 93
2061 81 95
2081 84 97
2101 85 98
2121 86 100
2141 88 103
2161 89 104
2181 89 106
2201 90 108
2221 90 110
2241 92 112
2261 94 113
2281 117 115
2301 96 117
2321 99 119
2341 100 121
2361 109 132
2381 101 125
2401 104 127
2421 105 129
2441 105 131
2461 106 134
2481 111 136
2501 111 138
2521 111 168
2541 112 142
2561 114 144
2581 115 145
2601 117 148
2621 116 150
2641 130 218
2661 150 198
2681 125 164
2701 126 164
2721 129 170
2741 130 169
2761 132 172
2781 132 174
2801 136 177
2821 137 179
2841 139 214
2861 135 178
2881 137 181
2901 139 183
2921 162 185
2941 141 189
2961 144 190
2981 146 193
3001 146 195
3021 148 198
3041 150 200
3061 153 203
3081 154 206
3101 154 208
3121 157 211
3141 158 249
3161 159 216
3181 160 219
3201 165 221
3221 165 255
3241 186 243
3261 182 278
3281 184 249
3301 184 250
3321 186 254
3341 186 258
3361 189 261
3381 192 264
3401 193 265
3421 197 269
3441 197 281
3461 192 285
3481 194 280
3501 206 282
3521 205 285
3541 209 279
3561 201 281
3581 207 293
3601 199 279
3621 201 313
3641 203 294
3661 239 312
3681 213 300
3701 215 303
3721 217 306
3741 217 332
3761 224 313
3781 223 315
3801 226 320
3821 230 312
3841 223 316
3861 224 349
3881 227 322
3901 245 345
3921 232 329
3941 261 370
3961 242 360
3981 243 350
4001 249 353
4021 286 357
4041 253 360
4061 253 363
4081 256 367
4101 255 370
4121 258 375
4141 261 366
4161 257 369
4181 290 372
4201 261 376
4221 259 380
4241 265 383
4261 265 387
4281 265 390
4301 264 450
4321 269 398
4341 271 404
4361 274 408
4381 274 408
4401 277 412
4421 277 416
4441 277 420
4461 278 425
4481 283 436
4501 286 430
4521 288 434
4541 289 439
4561 293 441
4581 293 445
4601 295 449
4621 295 455
4641 302 458
4661 302 498
4681 304 465
4701 305 470
4721 307 475
4741 310 476
4761 309 481
4781 310 486
4801 316 509
4821 317 510
4841 319 496
4861 320 502
4881 323 524
4901 324 509
4921 325 512
4941 326 518
4961 342 531
4981 333 560
5001 336 529
5021 337 534
5041 341 538
5061 341 542
5081 341 546
5101 344 555
5121 347 556
5141 367 558
5161 352 564
5181 352 570
5201 356 572
5221 357 577
5241 359 579
5261 361 669
5281 364 589
5301 380 613
5321 382 617
5341 380 622
5361 401 636
5381 385 611
5401 392 632
5421 374 621
5441 380 627
5461 383 629
5481 386 634
5501 388 643
5521 391 670
5541 392 648
5561 394 652
5581 394 656
5601 399 661
5621 403 668
5641 409 670
5661 460 676
5681 410 716
5701 414 684
5721 413 689
5741 442 764
5761 452 767
5781 457 775
5801 457 789
5821 487 795
5841 462 770
5861 461 778
5881 463 776
5901 466 758
5921 458 738
5941 513 787
5961 444 774
5981 459 776
6001 463 785
6021 451 804
6041 520 797
6061 484 836
6081 494 803
6101 475 810
6121 463 790
6141 463 793
6161 468 799
6181 470 808
6201 471 861
6221 472 814
6241 480 818
6261 479 824
6281 484 832
6301 483 889
6321 487 841
6341 491 845
6361 490 850
6381 491 858
6401 496 895
6421 499 866
6441 505 872
6461 503 876
6481 508 885
6501 509 924
6521 511 894
6541 514 899
6561 518 903
6581 523 912
6601 563 932
6621 525 922
6641 529 925
6661 532 932
6681 535 937
6701 533 943
6721 540 950
6741 544 953
6761 546 963
6781 546 999
6801 550 970
6821 553 977
6841 554 983
6861 556 987
6881 561 992
6901 565 1001
6921 568 1005
6941 569 1011
6961 608 1015
6981 574 1024
7001 576 1028
7021 576 1038
7041 582 1073
7061 586 1044
7081 589 1052
7101 590 1056
7121 596 1118
7141 597 1070
7161 601 1074
7181 598 1083
7201 606 1086
7221 609 1091
7241 613 1099
7261 612 1104
7281 619 1147
7301 618 1135
7321 620 1122
7341 618 1131
7361 648 1189
7381 631 1137
7401 634 1147
7421 636 1154
7441 640 1193
7461 643 1168
7481 645 1171
7501 644 1181
7521 652 1220
7541 656 1191
7561 660 1196
7581 661 1205
7601 666 1207
7621 667 1218
7641 669 1222
7661 671 1228
7681 675 1235
7701 680 1240
7721 683 1249
7741 684 1307
7761 688 1260
7781 691 1267
7801 693 1274
7821 693 1279
7841 704 1287
7861 704 1295
7881 708 1298
7901 708 1307
7921 713 1311
7941 717 1318
7961 717 1326
7981 721 1332
8001 731 1340
8021 733 1345
8041 737 1355
8061 738 1358
8081 746 1364
8101 746 1373
8121 748 1377
8141 747 1386
8161 751 1392
8181 755 1398
8201 755 1414
8221 754 1413
8241 762 1418
8261 868 1454
8281 787 1477
8301 763 1439
8321 777 1446
8341 780 1453
8361 787 1479
8381 790 1467
8401 791 1474
8421 790 1482
8441 792 1486
8461 798 1494
8481 798 1503
8501 802 1510
8521 810 1515
8541 809 1524
8561 810 1530
8581 808 1535
8601 808 1544
8621 806 1551
8641 818 1558
8661 819 1568
8681 823 1572
8701 827 1580
8721 830 1589
8741 833 1593
8761 837 1600
8781 835 1610
8801 838 1616
8821 841 1624
8841 841 1631
8861 841 1640
8881 845 1646
8901 849 1651
8921 849 1660
8941 847 1663
8961 856 1674
8981 862 1684
9001 867 1688
9021 868 1696
9041 878 1704
9061 878 1711
9081 880 1719
9101 882 1726
9121 888 1733
9141 888 1743
9161 891 1747
9181 889 1756
9201 896 1764
9221 897 1774
9241 896 1779
9261 899 1785
9281 910 1795
9301 913 1804
9321 916 1810
9341 917 1817
9361 927 1826
9381 926 1833
9401 929 1843
9421 930 1848
9441 933 1854
9461 941 1865
9481 937 1872
9501 937 1882
9521 941 1923
9541 944 1893
9561 965 2078
9581 973 1974
9601 954 1920
9621 959 1927
9641 964 1934
9661 967 1942
9681 970 1952
9701 974 1960
9721 976 1970
9741 976 1974
9761 981 1982
9781 986 1989
9801 985 2000
9821 983 2008
9841 987 2015
9861 989 2021
9881 990 2035
9901 992 2040
9921 1002 2046
9941 1006 2065
9961 1011 2065
9981 1011 2072
10001 1018 2082
10021 1024 2105
10041 1028 2098
10061 1029 2106
10081 1030 2116
10101 1139 2175
10121 1068 2159
10141 1034 2141
10161 1038 2145
10181 1040 2155
10201 1044 2165
10221 1041 2172
10241 1054 2181
10261 1058 2189
10281 1062 2198
10301 1063 2209
10321 1180 2288
10341 1106 2255
10361 1077 2235
10381 1074 2241
10401 1080 2250
10421 1084 2260
10441 1084 2263
10461 1083 2273
10481 1089 2282
10501 1091 2290
10521 1095 2302
10541 1095 2309
10561 1105 2318
10581 1109 2325
10601 1113 2334
10621 1112 2347
10641 1119 2354
10661 1123 2363
10681 1125 2373
10701 1126 2397
10721 1130 2392
10741 1132 2400
10761 1134 2407
10781 1132 2417
10801 1137 2425
10821 1140 2435
10841 1140 2443
10861 1139 2452
10881 1153 2462
10901 1159 2472
10921 1164 2480
10941 1164 2489
10961 1293 2579
10981 1176 2508
11001 1180 2514
11021 1180 2542
11041 1187 2552
11061 1191 2542
11081 1194 2549
11101 1193 2561
11121 1199 2569
11141 1200 2576
11161 1202 2588
11181 1286 2596
11201 1211 2608
11221 1217 2618
11241 1222 2742
11261 1263 2707
11281 1231 2646
11301 1235 2672
11321 1237 2660
11341 1239 2672
11361 1245 2681
11381 1249 2691
11401 1252 2697
11421 1249 2713
11441 1254 2721
11461 1272 2727
11481 1258 2735
11501 1256 2749
11521 1267 2759
11541 1275 2768
11561 1281 2775
11581 1282 2786
11601 1288 2796
11621 1291 2806
11641 1294 2813
11661 1294 2825
11681 1300 2836
11701 1307 2842
11721 1309 2850
11741 1306 2863
11761 1310 2873
11781 1312 2883
11801 1314 2892
11821 1315 2901
11841 1328 2911
11861 1335 2921
11881 1337 2933
11901 1338 2941
11921 1346 2950
11941 1353 2959
11961 1355 2970
11981 1353 2981
12001 1359 2991
12021 1362 2999
12041 1368 3009
12061 1367 3018
12081 1370 3029
12101 1370 3040
12121 1372 3050
12141 1376 3058
12161 1385 3069
12181 1390 3081
12201 1396 3091
12221 1401 3097
12241 1475 3325
12261 1465 3147
12281 1412 3132
12301 1415 3138
12321 1417 3151
12341 1423 3160
12361 1435 3169
12381 1461 3181
12401 1428 3189
12421 1430 3363
12441 1481 3228
12461 1442 3448
12481 1493 3233
12501 1452 3239
12521 1455 3252
12541 1455 3262
12561 1463 3274
12581 1470 3284
12601 1469 3295
12621 1469 3304
12641 1477 3313
12661 1478 3325
12681 1481 3335
12701 1484 3344
12721 1489 3355
12741 1487 3367
12761 1492 3378
12781 1487 3389
12801 1502 3397
12821 1510 3408
12841 1516 3420
12861 1515 3429
12881 1526 3438
12901 1528 3451
12921 1530 3463
12941 1536 3473
12961 1539 3485
12981 1547 3493
13001 1545 3505
13021 1546 3515
13041 1554 3524
13061 1555 3538
13081 1575 3547
13101 1556 3557
13121 1568 3570
13141 1579 3578
13161 1582 3593
13181 1585 3598
13201 1676 3613
13221 1594 3624
13241 1599 3759
13261 1646 3716
13281 1605 3656
13301 1626 3675
13321 1613 3677
13341 1609 3691
13361 1617 3699
13381 1619 3711
13401 1621 3720
13421 1620 3733
13441 1630 3743
13461 1638 3755
13481 1645 3766
13501 1646 3776
13521 1654 3789
13541 1660 3799
13561 1661 3810
13581 1664 3821
13601 1668 3833
13621 1674 3845
13641 1674 3853
13661 1677 3866
13681 1681 3878
13701 1685 3887
13721 1685 3899
13741 1684 3910
13761 1697 3922
13781 1705 3937
13801 1714 3946
13821 1712 3956
13841 1723 3969
13861 1727 3980
13881 1730 3990
13901 1727 4000
13921 1737 4015
13941 1739 4026
13961 1741 4036
13981 1745 4051
14001 1747 4062
14021 1752 4069
14041 1750 4081
14061 1751 4095
14081 1765 4104
14101 1771 4147
14121 1796 4132
14141 1778 4143
14161 1892 4277
14181 1794 4164
14201 1792 4176
14221 1797 4186
14241 1803 4199
14261 1805 4212
14281 1811 4221
14301 1807 4234
14321 1814 4247
14341 1821 4258
14361 1818 4270
14381 1817 4280
14401 1833 4292
14421 1837 4324
14441 1842 4316
14461 1849 4330
14481 1852 4507
14501 1914 4354
14521 1861 4365
14541 1902 4451
14561 1865 4391
14581 1869 4401
14601 1875 4412
14621 1872 4429
14641 1879 4436
14661 1882 4482
14681 1883 4479
14701 1881 4491
14721 1894 4486
14741 1909 4496
14761 1912 4509
14781 1999 4523
14801 1922 4532
14821 1929 4746
14841 1949 4558
14861 1949 4569
14881 1939 4584
14901 1955 4595
14921 1950 4608
14941 1947 4640
14961 1953 4631
14981 1956 4643
15001 1959 4655
15021 1959 4667
15041 1974 4683
15061 1981 4693
15081 1985 4705
15101 1992 4720
15121 2001 4730
15141 2003 4780
15161 2009 4778
15181 2010 4767
15201 2016 4782
15221 2021 4790
15241 2026 4805
15261 2025 4818
15281 2027 4830
15301 2033 4843
15321 2034 4855
15341 2038 4868
15361 2051 4882
15381 2057 4893
15401 2068 4908
15421 2067 4921
15441 2071 4984
15461 2073 4947
15481 2077 4957
15501 2079 4970
15521 2085 4983
15541 2111 4995
15561 2097 5135
15581 2150 5096
15601 2104 5033
15621 2109 5045
15641 2110 5062
15661 2111 5071
15681 2127 5087
15701 2128 5116
15721 2139 5113
15741 2140 5155
15761 2146 5138
15781 2152 5152
15801 2153 5166
15821 2155 5177
15841 2161 5190
15861 2169 5203
15881 2171 5218
15901 2169 5230
15921 2180 5242
15941 2177 5256
15961 2180 5269
15981 2180 5284
16001 2202 5295
16021 2210 5307
16041 2220 5342
16061 2222 5336
16081 2232 5348
16101 2495 5475
16121 2244 5371
16141 2390 5481
16161 2255 5416
16181 2260 5415
16201 2260 5424
16221 2261 5443
16241 2262 5454
16261 2267 5467
16281 2268 5481
16301 2275 5495
16321 2283 5509
16341 2291 5526
16361 2289 5532
16381 2290 5547
16401 2297 5562
16421 2301 5575
16441 2303 5588
16461 2298 5601
16481 2303 5616
16501 2311 5629
16521 2309 5641
16541 2307 5654
16561 2316 5669
16581 2314 5684
16601 2316 5700
16621 2317 5712
16641 2348 5722
16661 2354 5737
16681 2365 5750
16701 2360 5766
16721 2380 5780
16741 2389 5810
16761 2382 5806
16781 2399 6028
16801 2409 5836
16821 2411 5853
16841 2412 5860
16861 2403 5876
16881 2407 5891
16901 2403 5904
16921 2412 5915
16941 2407 5930
16961 2424 5945
16981 2428 5961
17001 2431 5971
17021 2430 5985
17041 2448 6003
17061 2447 6017
17081 2455 6028
17101 2450 6042
17121 2456 6061
17141 2466 6073
17161 2453 6103
17181 2440 6103
17201 2447 6116
17221 2452 6128
17241 2451 6229
17261 2448 6159
17281 2583 6294
17301 2481 6239
17321 2480 6203
17341 2486 6210
17361 2502 6230
17381 2504 6249
17401 2512 6253
17421 2505 6271
17441 2514 6285
17461 2703 6412
17481 2524 6314
17501 2525 6328
17521 2533 6343
17541 2537 6357
17561 2538 6370
17581 2535 6389
17601 2544 6397
17621 2628 6435
17641 2551 6486
17661 2555 6515
17681 2561 6459
17701 2558 6472
17721 2560 6489
17741 2566 6743
17761 2594 6515
17781 2573 6580
17801 2573 6546
17821 2625 6631
17841 2573 6576
17861 2636 6654
17881 2577 6603
17901 2576 6629
17921 2595 6633
17941 2604 6741
17961 2618 6664
17981 2616 6680
18001 2632 6689
18021 2631 6923
18041 2643 6723
18061 2639 6810
18081 2653 6809
18101 2656 6766
18121 2735 6781
18141 2662 6848
18161 2674 6885
18181 2678 6895
18201 2729 6915
18221 2681 6912
18241 2686 6923
18261 2769 6972
18281 2697 6956
18301 2818 7030
18321 2723 6986
18341 2759 7021
18361 2713 7014
18381 2708 7029
18401 2789 7068
18421 2738 7061
18441 2721 7095
18461 2770 7093
18481 2729 7144
18501 2726 7123
18521 2785 7101
18541 2729 7151
18561 2750 7165
18581 2837 7147
18601 2770 7196
18621 2768 7232
18641 2831 7746
18661 2834 7329
18681 2883 7410
18701 2864 7378
18721 2911 7419
18741 2876 7416
18761 2886 7482
18781 2878 7505
18801 2878 7442
18821 2916 7386
18841 2833 7385
18861 2862 7599
18881 3015 7422
18901 2881 7410
18921 2840 7446
18941 2846 7443
18961 2879 7481
18981 2854 7496
19001 2862 7490
19021 2875 7503
19041 2864 7520
19061 2921 7536
19081 2867 7552
19101 2869 7591
19121 2908 7583
19141 2868 7623
19161 2914 7615
19181 2871 7754
19201 2894 7612
19221 3044 7778
19241 2930 7681
19261 2949 7716
19281 2934 7731
19301 2969 7749
19321 2940 7747
19341 2948 7763
19361 2946 7794
19381 2953 7794
19401 2951 7825
19421 3009 7797
19441 2962 7802
19461 2967 7818
19481 2969 7836
19501 2964 7852
19521 2977 7867
19541 2983 7883
19561 2984 7898
19581 2981 7916
19601 2996 8015
19621 2998 7947
19641 2999 7964
19661 2997 8017
19681 3000 7996
19701 3166 8408
19721 3006 8027
19741 3002 8047
19761 3007 8060
19781 3017 8080
19801 3007 8093
19821 3008 8107
19841 3029 8123
19861 3045 8141
19881 3051 8158
19901 3050 8172
19921 3067 8191
19941 3070 8208
19961 3079 8222
19981 3081 8239
