1 3 3
2 2 9
3 2 16
4 2 20
5 2 37
6 2 45
7 2 54
8 3 58
9 3 94
10 4 110
11 4 128
12 5 136
13 6 155
14 5 163
15 7 170
16 7 175
17 8 245
18 9 285
19 9 315
20 10 331
21 11 368
22 12 393
23 12 402
24 13 411
25 14 446
26 14 464
27 18 481
28 17 487
29 18 505
30 19 539
31 20 539
32 20 527
33 23 702
34 24 735
35 24 804
36 26 816
37 26 857
38 27 888
39 28 920
40 30 945
41 31 1006
42 32 1036
43 34 1071
44 35 1088
45 37 1118
46 38 1133
47 40 1129
48 40 1090
49 41 1165
50 42 1195
51 44 1224
52 45 1237
53 46 1269
54 48 1279
55 51 1295
56 53 1282
57 51 1261
58 52 1276
59 53 1293
60 56 1297
61 58 1313
62 59 1322
63 62 1327
64 62 1332
65 62 1491
66 64 1602
67 65 1719
68 67 1769
69 68 1887
70 71 1937
71 73 1944
72 71 1924
73 73 2047
74 74 2083
75 77 2141
76 78 2154
77 77 2112
78 79 2138
79 81 2160
80 83 2171
81 85 2287
82 82 2230
83 85 2277
84 87 2298
85 89 2357
86 91 2364
87 90 2297
88 91 2308
89 93 2391
90 95 2410
91 95 2352
92 97 2356
93 98 2380
94 113 2344
95 101 2350
96 96 2192
97 98 2391
98 103 2489
99 105 2472
100 108 2462
101 105 2459
102 108 2443
103 109 2481
104 112 2447
105 110 2422
106 111 2444
107 114 2466
108 116 2474
109 118 2413
110 116 2418
111 118 2418
112 121 2426
113 123 2449
114 120 2413
115 123 2433
116 124 2427
117 127 2444
118 142 2368
119 127 2384
120 129 2387
121 131 2422
122 133 2391
123 131 2517
124 140 2424
125 135 2381
126 137 2377
127 139 2373
128 141 2373
129 143 2660
130 146 2796
131 148 2936
132 150 3081
133 151 3149
134 154 3275
135 157 3288
136 159 3359
137 162 3462
138 163 3587
139 166 3602
140 169 3674
141 170 3707
142 172 3778
143 175 3775
144 177 3843
145 180 3932
146 182 4034
147 185 4069
148 188 4153
149 190 4172
150 245 4211
151 196 4272
152 198 4264
153 200 4355
154 202 4356
155 205 4445
156 208 4439
157 210 4462
158 213 4521
159 216 4483
160 242 4479
161 223 4651
162 223 4706
163 226 5024
164 237 4943
165 232 4878
166 234 4956
167 240 5014
168 239 4964
169 261 5058
170 245 5113
171 249 5191
172 261 5230
173 254 5173
174 257 5205
175 261 5190
176 262 5259
177 265 5316
178 269 5323
179 272 5338
180 273 5414
181 280 5408
182 281 5430
183 286 5436
184 287 5504
185 291 5487
186 293 5702
187 306 5533
188 327 5546
189 302 5548
190 305 5555
191 309 5570
192 312 5542
193 315 5732
194 320 5801
195 322 5924
196 326 5899
197 328 5957
198 331 6008
199 335 6077
200 338 6062
201 342 6116
202 345 6137
203 351 6425
204 363 6268
205 355 6229
206 358 6317
207 362 6242
208 366 6247
209 368 6381
210 372 6380
211 376 6414
212 380 6415
213 436 6447
214 386 6475
215 390 6491
216 394 6669
217 409 6621
218 401 6542
219 404 6602
220 408 6547
221 413 6584
222 416 6670
223 433 6772
224 423 6591
225 428 6650
226 430 6691
227 452 6723
228 438 6816
229 442 6811
230 446 6827
231 449 6864
232 454 6873
233 456 6887
234 460 6939
235 464 6922
236 469 6925
237 472 6980
238 477 6950
239 481 6960
240 485 6978
241 488 6999
242 493 7015
243 496 7052
244 501 7040
245 504 7064
246 508 7092
247 512 7075
248 517 7073
249 520 7117
250 524 7108
251 530 7117
252 533 7141
253 536 7127
254 542 7360
255 567 7140
256 585 7094
257 589 7733
258 561 7992
259 563 8272
260 566 8397
261 573 8673
262 575 8860
263 583 9103
264 603 9044
265 589 9312
266 646 9888
267 674 9911
268 637 9998
269 607 9839
270 631 10238
271 635 10052
272 634 10053
273 624 10333
274 628 10708
275 708 10842
276 637 10661
277 642 10802
278 647 10896
279 652 10893
280 655 10959
281 661 11069
282 665 11110
283 671 11184
284 677 11218
285 679 11282
286 684 11311
287 689 11355
288 693 11374
289 698 11650
290 704 11799
291 707 12137
292 713 12012
293 718 12161
294 723 12251
295 729 12285
296 733 12323
297 739 12732
298 742 12550
299 750 12597
300 752 12640
301 758 12721
302 762 12729
303 767 12758
304 770 12775
305 778 12952
306 785 13071
307 787 13052
308 792 13100
309 801 13154
310 803 13198
311 809 13389
312 840 13265
313 820 13308
314 824 13341
315 828 13383
316 832 13392
317 842 13408
318 845 13649
319 873 13460
320 855 13444
321 861 13763
322 867 13940
323 872 14054
324 877 14127
325 885 14496
326 889 14334
327 894 14407
328 898 14445
329 903 14583
330 910 14869
331 914 14828
332 919 14760
333 926 14816
334 933 14846
335 939 14871
336 941 14876
337 948 15562
338 955 15292
339 958 15254
340 965 15280
341 971 15368
342 976 15504
343 1017 15362
344 989 15370
345 994 15434
346 999 15468
347 1004 15495
348 1010 15509
349 1019 15545
350 1022 15583
351 1026 15592
352 1143 15796
353 1079 16074
354 1079 16168
355 1087 16226
356 1055 16217
357 1064 16384
358 1068 16417
359 1074 16415
360 1083 16417
361 1142 16542
362 1128 16510
363 1133 16594
364 1106 16601
365 1128 16650
366 1116 16672
367 1126 16605
368 1127 16653
369 1245 16792
370 1178 16923
371 1185 16816
372 1152 16797
373 1159 16804
374 1164 16862
375 1225 16893
376 1216 16900
377 1225 16913
378 1190 16957
379 1194 16950
380 1201 16920
381 1209 16987
382 1309 16928
383 1262 16906
384 1240 16996
385 1234 17344
386 1240 17550
387 1301 17655
388 1295 17708
389 1279 17870
390 1267 18098
391 1425 18194
392 1333 18308
393 1327 18180
394 1294 18272
395 1299 18500
396 1360 18546
397 1353 18415
398 1319 18458
399 1323 18454
400 1507 18547
401 1374 18630
402 1343 18683
403 1349 18781
404 1359 18453
405 1364 18527
406 1371 18561
407 1377 18594
408 1384 18619
409 1390 18915
410 1399 18685
411 1404 18733
412 1413 18727
413 1435 18751
414 1424 19060
415 1433 18851
416 1439 18766
417 1447 18927
418 1452 19230
419 1460 19082
420 1467 19124
421 1475 19183
422 1479 19228
423 1486 19256
424 1493 19270
425 1500 19327
426 1509 19356
427 1512 19412
428 1523 19412
429 1528 19434
430 1536 19455
431 1543 19458
432 1603 19544
433 1557 19790
434 1584 19575
435 1571 19597
436 1579 20117
437 1585 20096
438 1703 19839
439 1601 19677
440 1608 19774
441 1726 19868
442 1621 19761
443 1632 19757
444 1636 19767
445 1644 19760
446 1650 19782
447 1659 19773
448 1668 19770
449 1674 19942
450 1680 20012
451 1687 20093
452 1697 20134
453 1703 20440
454 1711 20260
455 1718 20285
456 1727 20275
457 1734 20353
458 1741 20406
459 1749 20513
460 1757 20456
461 1763 20472
462 1772 20723
463 1779 20518
464 1787 20509
465 1795 20592
466 1803 20913
467 1810 20677
468 1818 20667
469 1824 20701
470 1832 20709
471 1841 20728
472 1847 20817
473 1854 20768
474 1865 21051
475 1873 20820
476 1882 20810
477 1884 20820
478 1893 21302
479 1904 21028
480 1914 20838
481 1919 20912
482 1925 21192
483 1933 21026
484 1943 21007
485 1949 21052
486 1957 21068
487 1965 21071
488 1977 21081
489 1984 21122
490 1988 21444
491 2000 21150
492 2007 21155
493 2013 21167
494 2132 23334
495 2226 22294
496 2274 21588
497 2066 21534
498 2159 22039
499 2131 21879
500 2138 21349
501 2082 21558
502 2146 21552
503 2094 21318
504 2125 21319
505 2114 21329
506 2123 21330
507 2129 21333
508 2161 21331
509 2148 21589
510 2153 21335
511 2163 21332
512 2198 21330
513 2181 22761
514 2188 23048
515 2194 23623
516 2233 23900
517 2212 24775
518 2223 24783
519 2232 25031
520 2273 25311
521 2286 25769
522 2257 26018
523 2263 26533
524 2320 26462
525 2283 26720
526 2290 26876
527 2301 26995
528 2348 27065
529 2315 27622
530 2325 28152
531 2337 28208
532 2395 28329
533 2351 28608
534 2359 28826
535 2372 28884
536 2427 29189
537 2390 29238
538 2397 29379
539 2405 29522
540 2464 29599
541 2425 29743
542 2434 29784
543 2441 29858
544 2507 29894
545 2617 30568
546 2471 30745
547 2478 31575
548 2547 31506
549 2496 31437
550 2503 31807
551 2513 31708
552 2583 31784
553 2534 32061
554 2542 32209
555 2547 32338
556 2627 32413
557 2567 32549
558 2577 33123
559 2585 32707
560 2667 32756
561 2602 33005
562 2698 33149
563 2623 33275
564 2780 33403
565 2643 33477
566 2650 33562
567 2659 33628
568 2747 33691
569 2680 34034
570 2689 33856
571 2697 34156
572 2787 33958
573 2715 34021
574 2945 35561
575 2734 34405
576 2830 34813
577 2755 34675
578 2765 35229
579 2775 35267
580 2873 35924
581 2791 35815
582 2803 35821
583 2811 36181
584 2905 36034
585 2832 36299
586 2843 36555
587 2847 36576
588 2951 37205
589 2870 36827
590 2878 36893
591 2890 36944
592 2979 36990
593 2908 37249
594 2920 37371
595 2927 37741
596 3013 37559
597 2948 38282
598 3051 37905
599 2967 37879
600 3047 38170
601 2989 38010
602 2999 38110
603 3008 38147
604 3089 38177
605 3027 38240
606 3038 38705
607 3128 38296
608 3123 38291
609 3068 38665
610 3082 38728
611 3087 39076
612 3160 38920
613 3106 39056
614 3118 39131
615 3124 39510
616 3201 39225
617 3147 39362
618 3223 39491
619 3167 39496
620 3350 39999
621 3189 39633
622 3201 39870
623 3208 39654
624 3274 39675
625 3231 39819
626 3241 40064
627 3250 39954
628 3314 40278
629 3272 40077
630 3282 40104
631 3292 40241
632 3355 40164
633 3420 40479
634 3324 40418
635 3333 40269
636 3389 40270
637 3355 40307
638 3364 40306
639 3374 40533
640 3434 40327
641 3397 41865
642 3409 41400
643 3416 41826
644 3474 41788
645 3439 42026
646 3450 42164
647 3457 42316
648 3510 42370
649 3480 43027
650 3491 42810
651 3502 43551
652 3555 43124
653 3524 43394
654 3535 43229
655 3545 43300
656 3594 43338
657 3566 43899
658 3576 43764
659 3588 44093
660 3633 43963
661 3611 44715
662 3639 44234
663 3631 44459
664 3676 44230
665 3655 44754
666 3666 44436
667 3677 44537
668 3724 44643
669 3697 44879
670 3707 44711
671 3719 44710
672 3760 44651
673 3743 45198
674 3754 45126
675 3763 45309
676 3802 45404
677 3786 45509
678 3797 45758
679 3807 45634
680 3841 46311
681 3832 45903
682 3843 46139
683 3854 45957
684 3887 46002
685 3876 46054
686 3885 46075
687 3897 46098
688 4108 46522
689 3922 46232
690 3933 46397
691 3942 46364
692 4050 46380
693 3965 46446
694 3976 46464
695 4008 46501
696 4015 46507
697 4011 46641
698 4042 46621
699 4359 47211
700 4062 46696
701 4057 46938
702 4068 46973
703 4097 46715
704 4104 46722
705 4106 47007
706 4122 47404
707 4127 47305
708 4149 47479
709 4150 47541
710 4269 47842
711 4172 47691
712 4210 47741
713 4198 47904
714 4209 47944
715 4219 48277
716 4236 48342
717 4244 48377
718 4254 48201
719 4463 48201
720 4281 48212
721 4291 48393
722 4323 48606
723 4332 48569
724 4401 49052
725 4338 48632
726 4351 48748
727 4362 48890
728 4376 48721
729 4390 48762
730 4402 48828
731 4601 48969
732 4425 48998
733 4443 48883
734 4453 49338
735 4460 49006
736 4473 49189
737 4493 49060
738 4523 49145
739 4507 49184
740 4519 49220
741 4542 49540
742 4554 49324
743 4554 49465
744 4568 49656
745 4683 49463
746 4607 49505
747 4605 49527
748 4618 49536
749 4644 49542
750 4862 49572
751 4652 50194
752 4667 50027
753 4763 50105
754 4711 49748
755 4703 49788
756 4717 49735
757 4748 49762
758 4761 50039
759 4753 49802
760 4767 49884
761 4803 49914
762 4817 49766
763 4803 49760
764 4816 49764
765 4854 49757
766 4864 49941
767 4853 49765
768 4864 50741
769 4992 50527
770 4922 51191
771 4906 51402
772 4917 51368
773 4960 51682
774 4975 51833
775 4970 52227
776 4968 52071
777 5016 52425
778 5028 52701
779 5007 52611
780 5018 52679
781 5067 52814
782 5082 52871
783 5057 53169
784 5069 53237
785 5124 53355
786 5135 53640
787 5108 53548
788 5123 53625
789 5174 53771
790 5186 53837
791 5204 53970
792 5175 53966
793 5231 54089
794 5248 54393
795 5213 54241
796 5226 54288
797 5303 54325
798 5298 54588
799 5267 54898
800 5348 54530
801 5341 54935
802 5354 54845
803 5316 55006
804 5335 55099
805 5392 55168
806 5407 55484
807 5387 55290
808 5387 55411
809 5451 55700
810 5465 55566
811 5425 55631
812 5436 55663
813 5505 55946
814 5519 55793
815 5505 56650
816 5491 55965
817 5560 55927
818 5577 55984
819 5533 56039
820 5548 56277
821 5619 56349
822 5873 56248
823 5585 56407
824 5599 56403
825 5675 56217
826 5688 56258
827 5638 56245
828 5653 56535
829 5732 57227
830 5789 56394
831 5694 56508
832 5705 56264
833 5808 56611
834 5806 56793
835 5745 56940
836 5916 57114
837 5846 57166
838 5858 57248
839 6043 57302
840 5818 57358
841 5902 57606
842 5917 57557
843 5876 57873
844 5874 58152
845 5962 57817
846 5978 58003
847 5914 57781
848 5929 57860
849 6017 57914
850 6035 58448
851 5968 58040
852 5989 58142
853 6075 58349
854 6089 58162
855 6026 58228
856 6061 58201
857 6138 58522
858 6152 58915
859 6083 58422
860 6099 58592
861 6195 58382
862 6207 58383
863 6139 58405
864 6154 58629
865 6252 58536
866 6268 58744
867 6196 58912
868 6212 58689
869 6314 58780
870 6330 58769
871 6253 59093
872 6267 59551
873 6372 59028
874 6383 59206
875 6308 58985
876 6325 59008
877 6429 59007
878 6445 59261
879 6367 59055
880 6382 59089
881 6493 59319
882 6507 59098
883 6425 59173
884 6440 59157
885 6549 59435
886 6565 60705
887 6485 59291
888 6500 59487
889 6608 59232
890 6625 59261
891 6543 59245
892 6558 59523
893 6675 59278
894 6692 59514
895 6599 59499
896 6615 59275
897 6736 59596
898 6747 59730
899 6663 60137
900 6676 60188
901 6794 60208
902 6806 60444
903 6720 60278
904 6732 60314
905 6861 60439
906 6886 60797
907 6779 60986
908 6795 61337
909 6918 60689
910 6958 60812
911 6838 60748
912 6853 60953
913 6983 61670
914 6995 61092
915 6898 61295
916 6915 61119
917 7044 61175
918 7062 61204
919 6957 61531
920 6975 61251
921 7108 61388
922 7366 61582
923 7017 61421
924 7054 61433
925 7163 61435
926 7182 62315
927 7578 61885
928 7098 61727
929 7233 61611
930 7251 61704
931 7141 61803
932 7156 62018
933 7295 61871
934 7308 61980
935 7200 62156
936 7220 61944
937 7355 62053
938 7372 62032
939 7265 62400
940 7390 62147
941 7424 62157
942 7440 62146
943 7323 62150
944 7341 62137
945 7488 62475
946 7519 62241
947 7385 62365
948 7403 62518
949 7550 62356
950 7583 62394
951 7448 62359
952 7466 63079
953 7674 62548
954 7635 62685
955 7511 62455
956 7527 62486
957 7680 62454
958 7693 62724
959 7573 62511
960 7592 62549
961 7743 62847
962 7759 62693
963 7678 62757
964 7655 62788
965 7987 64057
966 7868 62988
967 7700 63156
968 7719 62982
969 7876 63039
970 7888 63074
971 7781 63387
972 7782 63141
973 8018 63146
974 8196 63170
975 7828 63187
976 7847 63169
977 8001 63528
978 8018 63530
979 7893 63441
980 7908 63570
981 8091 63399
982 8076 63408
983 7956 63430
984 8173 63415
985 8138 63523
986 8139 63665
987 8021 63573
988 8073 63990
989 8189 63480
990 8206 64210
991 8190 63493
992 8104 63586
993 8251 63558
994 8265 63608
995 8149 63654
996 8171 63936
997 8335 63701
998 8329 63880
999 8219 63992
1000 8239 63798
1001 8642 63983
1002 8397 64080
1003 8280 64216
1004 8310 63962
1005 8444 64098
1006 8456 63902
1007 8368 63911
1008 8401 63892
1009 8634 63920
1010 8522 63999
1011 8415 64135
1012 8448 63913
1013 8575 63915
1014 8590 63936
1015 8482 64784
1016 8523 64012
1017 8636 64202
1018 8653 63949
1019 8549 63994
1020 8589 63922
1021 8718 64186
1022 8719 63951
1023 8616 64144
1024 8661 63932
1025 8774 66205
1026 8790 67359
1027 8682 69381
1028 8771 69238
1029 8835 70473
1030 8848 70778
1031 8749 71342
1032 8801 71639
1033 9087 72791
1034 8917 73395
1035 8818 74115
1036 8877 74162
1037 8967 74748
1038 8988 75659
1039 8944 75446
1040 8943 75704
1041 9037 76600
1042 9054 77138
1043 8955 77951
1044 9019 77976
1045 9101 78617
1046 9116 78864
1047 9023 79133
1048 9090 79267
1049 9261 80402
1050 9192 80186
1051 9321 80398
1052 9161 80505
1053 9238 80792
1054 9496 80948
1055 9159 81138
1056 9231 81388
1057 9303 82257
1058 9323 82816
1059 9464 84414
1060 9311 83741
1061 9613 84251
1062 9391 84497
1063 9300 84901
1064 9380 84940
1065 9442 85789
1066 9458 85787
1067 9388 86060
1068 9457 86435
1069 9828 87542
1070 9556 86983
1071 9439 86762
1072 9532 86808
1073 9581 87667
1074 9617 87743
1075 9511 88148
1076 9606 88089
1077 9649 88357
1078 9804 89561
1079 9579 88797
1080 9678 88721
1081 9725 88978
1082 9735 89372
1083 9649 89341
1084 9750 89541
1085 9789 89478
1086 9807 89526
1087 9721 90171
1088 9872 89716
1089 9859 90992
1090 9876 91345
1091 9793 92131
1092 9916 92194
1093 9924 92950
1094 9945 93039
1095 9866 93285
1096 9978 94506
1097 10000 94082
1098 10256 94620
1099 9993 94841
1100 10072 94958
1101 10073 95047
1102 10086 95322
1103 10008 95267
1104 10126 95311
1105 10166 96127
1106 10256 96416
1107 10081 96425
1108 10208 96621
1109 10214 97092
1110 10231 97073
1111 10220 97117
1112 10299 97189
1113 10288 98501
1114 10305 97758
1115 10229 97982
1116 10356 97807
1117 10352 98168
1118 10376 98095
1119 10305 98315
1120 10437 98150
1121 10432 98671
1122 10674 99592
1123 10589 99646
1124 10513 99369
1125 10504 99642
1126 10590 99981
1127 10448 100203
1128 10588 100007
1129 10573 100278
1130 10591 102266
1131 10524 100842
1132 10672 100597
1133 10648 100729
1134 10669 101051
1135 10596 100939
1136 10765 100917
1137 10723 101140
1138 10743 102539
1139 11434 103807
1140 11031 105254
1141 11454 102893
1142 10814 101949
1143 10748 101839
1144 11170 101811
1145 10868 101912
1146 10887 103632
1147 10822 102139
1148 11212 102130
1149 10943 102219
1150 10958 102473
1151 10895 102330
1152 11162 102425
1153 11019 103393
1154 11034 104408
1155 10975 104709
1156 11375 105596
1157 11095 105394
1158 11111 105987
1159 11048 106065
1160 11257 106153
1161 11164 106688
1162 11183 107820
1163 11128 107580
1164 11312 107670
1165 11242 107686
1166 11261 108061
1167 11201 108282
1168 11377 108032
1169 11317 108569
1170 11341 108998
1171 11287 109367
1172 11460 109351
1173 11393 109859
1174 11409 109913
1175 11358 110083
1176 11553 110057
1177 11471 112054
1178 11499 111121
1179 11656 111052
1180 11616 110659
1181 11545 110905
1182 11566 111533
1183 11522 110802
1184 11698 110795
1185 11720 111352
1186 11643 111874
1187 11590 112480
1188 11771 112117
1189 11700 112411
1190 11714 112712
1191 11668 112836
1192 11861 113277
1193 11780 113225
1194 11798 113097
1195 12011 113231
1196 11935 113306
1197 11852 113688
1198 11869 113768
1199 11820 113746
1200 12014 113726
1201 11932 114105
1202 11953 114262
1203 11902 114142
1204 12089 114525
1205 12008 114369
1206 12026 115150
1207 11980 114571
1208 12171 114746
1209 12091 114842
1210 12129 114691
1211 12060 114808
1212 12257 114800
1213 12165 115049
1214 12238 114920
1215 12260 115214
1216 12322 115136
1217 12249 115482
1218 12283 115789
1219 12224 116246
1220 12398 116584
1221 12322 117219
1222 12339 117643
1223 12298 117075
1224 12472 116800
1225 12405 117088
1226 12422 117512
1227 12377 117562
1228 12555 117788
1229 12509 118016
1230 12498 117847
1231 12460 117682
1232 12632 117798
1233 12566 118225
1234 12585 118343
1235 12540 119220
1236 12706 118687
1237 12658 118675
1238 12659 118557
1239 12641 118683
1240 12788 118938
1241 12724 118992
1242 12822 119968
1243 12703 119196
1244 12868 119274
1245 12802 119074
1246 12819 119106
1247 12786 119317
1248 12939 119305
1249 13383 119453
1250 12992 119784
1251 12890 120056
1252 13028 119728
1253 12961 119923
1254 13003 120019
1255 12951 120410
1256 13107 120382
1257 13047 120405
1258 13069 120368
1259 13127 120715
1260 13201 121026
1261 13124 120419
1262 13146 121963
1263 13119 120588
1264 13262 120762
1265 13212 120889
1266 13232 120686
1267 13198 121086
1268 13344 120993
1269 13289 121074
1270 13309 120932
1271 13404 120847
1272 13430 121225
1273 13377 121016
1274 13399 121418
1275 13364 121248
1276 13507 122018
1277 13452 121368
1278 13474 121316
1279 13449 121095
1280 13602 121122
1281 13559 122523
1282 13564 123556
1283 13866 123583
1284 13673 124154
1285 13619 124758
1286 13636 124792
1287 13616 125444
1288 13751 125573
1289 13714 126555
1290 13726 126199
1291 13972 126595
1292 13973 126658
1293 13786 126873
1294 13982 127415
1295 13786 127302
1296 13967 127136
1297 13959 127959
1298 13897 128233
1299 13872 128273
1300 14002 128701
1301 13956 128961
1302 13975 130390
1303 13955 129282
1304 14086 129030
1305 14046 129353
1306 14064 129553
1307 14284 129641
1308 14166 130670
1309 14123 129913
1310 14146 130114
1311 14127 130181
1312 14248 130080
1313 14215 130844
1314 14236 131071
1315 14424 131105
1316 14420 131527
1317 14296 131812
1318 14313 131696
1319 14301 132219
1320 14436 132144
1321 14383 132436
1322 14406 132573
1323 14388 132679
1324 14504 132862
1325 14465 132956
1326 14504 132959
1327 14476 134047
1328 14624 132943
1329 14555 133044
1330 14585 133232
1331 14566 133382
1332 14760 133383
1333 14872 133658
1334 14659 133773
1335 14866 133662
1336 14899 133900
1337 14727 133841
1338 14754 133988
1339 14735 135351
1340 14844 134154
1341 14808 134204
1342 14831 134357
1343 14842 134044
1344 14942 134220
1345 14902 135025
1346 14926 135295
1347 14916 135595
1348 15013 135721
1349 15004 135868
1350 15009 136237
1351 15002 136984
1352 15101 136263
1353 15075 136690
1354 15102 136888
1355 15088 136874
1356 15209 137003
1357 15160 137409
1358 15183 137112
1359 15179 137261
1360 15367 137808
1361 15269 137394
1362 15274 137768
1363 15268 138399
1364 15434 137757
1365 15363 138128
1366 15359 138125
1367 15358 138050
1368 15454 138508
1369 15431 138486
1370 15450 138245
1371 15454 138485
1372 15540 138515
1373 15513 138483
1374 15537 138536
1375 15536 139476
1376 15624 138549
1377 15838 138579
1378 15872 138808
1379 15661 139075
1380 15982 139534
1381 15689 139278
1382 15745 139313
1383 15722 139551
1384 15804 139329
1385 15805 140495
1386 15813 140170
1387 15829 140070
1388 15896 139915
1389 15879 139860
1390 15894 139653
1391 15899 140017
1392 15984 139916
1393 16071 139833
1394 15991 140322
1395 15999 140246
1396 16071 140017
1397 16136 140549
1398 16078 141477
1399 16104 140090
1400 16163 140566
1401 16150 140425
1402 16217 140310
1403 16178 140485
1404 16250 141748
1405 16233 140305
1406 16253 140601
1407 16270 140459
1408 16341 140315
1409 16471 140960
1410 16613 142006
1411 16360 141574
1412 16433 141598
1413 16416 141950
1414 16439 142394
1415 16476 142432
1416 16898 143687
1417 16515 142901
1418 16538 142999
1419 16546 142866
1420 16702 143230
1421 16598 143839
1422 16645 143172
1423 16639 143469
1424 16702 143553
1425 16699 143651
1426 16724 144040
1427 16734 144860
1428 16819 144022
1429 16905 144128
1430 16812 144204
1431 16827 144605
1432 16888 144544
1433 17841 144616
1434 16905 144932
1435 16921 144812
1436 16978 144645
1437 17007 144966
1438 16996 145272
1439 17015 144777
1440 17073 145013
1441 17091 145357
1442 17099 145335
1443 17254 145432
1444 17162 145994
1445 17160 146219
1446 17184 146108
1447 17203 145815
1448 17255 146305
1449 17258 146585
1450 17284 146141
1451 17300 146387
1452 17367 146453
1453 17346 146316
1454 17540 146433
1455 17494 147053
1456 17440 146785
1457 17448 146730
1458 17471 146596
1459 17506 147747
1460 17537 147698
1461 17546 146730
1462 17562 147015
1463 17601 147144
1464 17629 146857
1465 17769 146882
1466 17772 147796
1467 17686 147171
1468 17721 147124
1469 17728 146872
1470 17754 147409
1471 17785 147720
1472 17822 146947
1473 17834 147410
1474 17869 148059
1475 17884 147519
1476 18169 147528
1477 18386 147883
1478 17950 148016
1479 17984 148072
1480 18009 147769
1481 18252 148174
1482 18053 148613
1483 18078 148103
1484 18101 148160
1485 18264 148310
1486 18140 148234
1487 18181 148412
1488 18201 148199
1489 18222 148727
1490 18245 148623
1491 18282 148433
1492 18292 148733
1493 18315 149933
1494 18343 148703
1495 18653 148601
1496 18404 148614
1497 18424 149017
1498 18444 149318
1499 18478 148723
1500 18569 148952
1501 18572 149143
1502 18541 149158
1503 18749 148859
1504 19341 148871
1505 18624 149238
1506 18645 149325
1507 18676 149183
1508 18772 149476
1509 18719 149900
1510 18743 149465
1511 18780 149592
1512 19046 149309
1513 18825 149740
1514 18849 150286
1515 18877 149667
1516 18973 149758
1517 18941 149711
1518 18954 149717
1519 18991 149820
1520 19735 154301
1521 19092 155336
1522 19561 149884
1523 19082 149636
1524 19168 149613
1525 19127 150517
1526 19186 149884
1527 19440 149825
1528 19184 149815
1529 19237 150631
1530 19262 150826
1531 19286 149786
1532 19399 149831
1533 19333 149940
1534 19359 149808
1535 19621 149577
1536 19384 149779
1537 19452 151958
1538 19472 151893
1539 19489 152412
1540 19484 153077
1541 19546 154147
1542 19571 153836
1543 19588 154149
1544 19585 154101
1545 19669 155671
1546 19677 157052
1547 19690 155503
1548 19945 156009
1549 19749 155898
1550 19771 156601
1551 19797 158911
1552 19791 156431
1553 19860 157661
1554 19996 158269
1555 20257 158273
1556 19908 159705
1557 20096 157950
1558 19982 159165
1559 20097 158188
1560 20032 160074
1561 20212 161614
1562 20571 162399
1563 20576 162600
1564 20652 162197
1565 20716 162799
1566 20582 160818
1567 20266 159503
1568 20239 160277
1569 21728 163989
1570 21070 163369
1571 20311 161145
1572 20341 160626
1573 20631 161541
1574 20780 164060
1575 20837 164617
1576 20689 164714
1577 21011 164484
1578 21082 163966
1579 20528 161833
1580 20773 164093
1581 20867 162435
1582 20611 169097
1583 20954 162450
1584 20612 163574
1585 20939 164350
1586 20912 169756
1587 21930 173437
1588 21943 168910
1589 22102 172336
1590 22246 174430
1591 21749 173125
1592 22559 175412
1593 22675 174847
1594 22018 168543
1595 21500 172330
1596 21659 173169
1597 22493 172888
1598 22430 175707
1599 22578 174674
1600 22930 178045
1601 22170 173447
1602 22303 172474
1603 21175 165622
1604 21138 171315
1605 22337 168589
1606 22979 177924
1607 22655 176551
1608 22580 176446
1609 22948 175376
1610 23151 178168
1611 23203 177937
1612 21934 167477
1613 21787 168523
1614 21643 171670
1615 23282 177994
1616 23289 175044
1617 22865 174772
1618 22808 167591
1619 21644 170751
1620 22240 172105
1621 21828 169306
1622 22236 168721
1623 21693 166949
1624 21669 170032
1625 21782 168096
1626 21805 167727
1627 21906 168432
1628 22050 170861
1629 22547 169438
1630 21911 169561
1631 22671 173529
1632 22136 167545
1633 21998 168782
1634 23133 168323
1635 22018 168565
1636 21988 172742
1637 22109 168338
1638 22134 169511
1639 22141 169378
1640 22103 168996
1641 22478 174980
1642 22847 170188
1643 22237 169157
1644 22221 169018
1645 22360 171367
1646 22604 169676
1647 22345 169820
1648 22669 169049
1649 22443 170167
1650 24005 181387
1651 24399 180761
1652 24105 182649
1653 24531 182786
1654 23995 181823
1655 24335 182866
1656 24195 182393
1657 24095 179020
1658 23581 182603
1659 22927 171055
1660 22693 169389
1661 22931 170084
1662 22957 174674
1663 23838 179510
1664 23828 173905
1665 23357 171312
1666 23105 173363
1667 23772 178405
1668 23565 173732
1669 23054 171116
1670 23024 172330
1671 23008 171184
1672 22963 173301
1673 23924 171642
1674 23151 172595
1675 23268 175099
1676 24953 182766
1677 24719 180152
1678 24204 175403
1679 23659 181237
1680 25091 183975
1681 24406 178769
1682 23360 173219
1683 23339 173411
1684 23295 176022
1685 23462 174393
1686 23683 173371
1687 23450 180003
1688 24349 180977
1689 25564 180388
1690 24330 182052
1691 24525 178851
1692 23524 173995
1693 23706 182658
1694 25437 176465
1695 23674 174251
1696 23906 183318
1697 25722 187384
1698 25416 186274
1699 25120 183927
1700 23817 175144
1701 25592 175911
1702 23940 174563
1703 23902 175522
1704 23857 181858
1705 25101 185737
1706 24918 184313
1707 24844 179135
1708 25522 187193
1709 25686 182510
1710 25460 186702
1711 25939 182963
1712 25532 188150
1713 25535 188996
1714 26590 186653
1715 25458 185690
1716 25169 185146
1717 25228 180256
1718 24466 179705
1719 25251 187829
1720 25726 188844
1721 26273 184353
1722 25314 184883
1723 25523 184021
1724 24487 186527
1725 26508 190087
1726 26454 180428
1727 24866 184045
1728 25133 183745
1729 25131 180577
1730 25029 176137
1731 24696 176728
1732 24675 177341
1733 24902 177251
1734 25040 177299
1735 26032 177566
1736 24756 178834
1737 24965 182285
1738 26279 183189
1739 24944 179715
1740 25101 177691
1741 25038 176452
1742 25068 179315
1743 25049 176874
1744 25067 177174
1745 25161 177982
1746 25196 177664
1747 25209 177641
1748 25886 182573
1749 26224 181495
1750 25644 183125
1751 26383 187486
1752 25933 184832
1753 27071 183798
1754 25500 178786
1755 26131 183578
1756 25326 177999
1757 25508 178467
1758 25576 178823
1759 25601 178102
1760 25440 178482
1761 25936 178056
1762 25662 184675
1763 26607 179459
1764 26261 180468
1765 26157 181388
1766 26846 185981
1767 26767 187134
1768 27371 186928
1769 26032 178569
1770 26182 178182
1771 25828 179802
1772 25969 179685
1773 25898 179777
1774 26011 179151
1775 25925 178529
1776 26069 184354
1777 27066 181238
1778 26165 179735
1779 26110 178150
1780 26206 182352
1781 27608 184798
1782 26291 182427
1783 27115 180125
1784 26314 181724
1785 27765 189349
1786 27792 189308
1787 28307 191224
1788 27739 187920
1789 27474 189972
1790 27540 189770
1791 28106 187721
1792 27707 187092
1793 26662 182348
1794 26644 183967
1795 26509 182403
1796 26999 181390
1797 27969 183429
1798 28275 184703
1799 28752 192676
1800 27063 180452
1801 26699 181258
1802 27123 182171
1803 26755 185283
1804 26929 186206
1805 28144 184932
1806 29062 192150
1807 27903 192522
1808 28700 196074
1809 29025 195104
1810 29268 194135
1811 28787 194744
1812 29760 190492
1813 29084 191998
1814 29625 194127
1815 28716 188717
1816 27496 182311
1817 27139 191917
1818 28894 193738
1819 28237 192508
1820 28865 191069
1821 27453 184107
1822 27488 185146
1823 27315 186836
1824 28242 184977
1825 27370 183568
1826 27588 188033
1827 27432 190749
1828 28925 192945
1829 29360 192106
1830 28547 189372
1831 28230 187657
1832 28007 185898
1833 29062 189582
1834 29132 194355
1835 28882 193827
1836 29205 187797
1837 28893 188854
1838 27946 188487
1839 27885 187202
1840 29523 187564
1841 27972 186379
1842 29458 194591
1843 28851 185575
1844 28209 185776
1845 27958 186247
1846 28925 187924
1847 28013 184764
1848 29434 185898
1849 28100 184896
1850 28318 190174
1851 29551 195355
1852 28450 190869
1853 29544 194293
1854 29886 196887
1855 29997 197641
1856 30501 193204
1857 29703 196517
1858 29657 197271
1859 29178 190459
1860 29482 193037
1861 29518 192218
1862 28719 192445
1863 29059 189433
1864 29389 189688
1865 29240 196225
1866 30848 196320
1867 29191 191155
1868 29036 187457
1869 28975 192525
1870 30116 192678
1871 29232 194390
1872 30318 189021
1873 30719 194225
1874 30319 198431
1875 31527 198636
1876 30457 193281
1877 30318 189700
1878 29179 190694
1879 30597 191875
1880 29249 191336
1881 29852 193363
1882 30368 194543
1883 30457 197199
1884 31268 191850
1885 30432 193445
1886 30773 190299
1887 29235 189740
1888 30485 194228
1889 30530 188705
1890 29563 189538
1891 30583 194589
1892 30194 187215
1893 29425 196424
1894 30864 193680
1895 30293 195197
1896 31343 188772
1897 29550 187929
1898 29879 188624
1899 29662 193798
1900 31563 198331
1901 31368 191947
1902 31420 199109
1903 31792 200855
1904 31700 193502
1905 30990 193274
1906 30625 193408
1907 31336 196328
1908 31459 198385
1909 31031 193883
1910 30340 190656
1911 30529 194593
1912 31044 188093
1913 30150 188151
1914 30341 189148
1915 31707 200022
1916 32620 193883
1917 30297 193161
1918 32226 198600
1919 31726 197685
1920 30591 193871
1921 32067 198844
1922 32499 199351
1923 32469 200357
1924 32703 199329
1925 31580 191628
1926 30755 188990
1927 30698 200309
1928 32440 201373
1929 32508 200249
1930 32499 201610
1931 31978 200460
1932 32781 200546
1933 32592 199232
1934 32866 200619
1935 32457 199596
1936 32773 200715
1937 32277 200592
1938 32804 199578
1939 32656 198456
1940 33569 203730
1941 33072 199865
1942 32109 200862
1943 33413 204988
1944 31967 203036
1945 32502 203772
1946 33578 204542
1947 33242 202247
1948 33619 201388
1949 31823 196317
1950 32920 198895
1951 33776 202519
1952 33967 205569
1953 32569 200362
1954 32191 204638
1955 33926 199547
1956 33660 195762
1957 31942 198855
1958 32291 193970
1959 32755 194347
1960 32158 194386
1961 34166 202933
1962 34274 211782
1963 35671 206162
1964 34197 203448
1965 33879 204825
1966 34265 205874
1967 33781 204108
1968 33363 202590
1969 32572 198881
1970 34156 198488
1971 33436 198438
1972 33222 198506
1973 33022 199229
1974 33597 198525
1975 33406 197917
1976 33653 197640
1977 33719 198334
1978 33976 198166
1979 33725 197686
1980 34007 198111
1981 33138 199281
1982 33846 199178
1983 33543 198851
1984 33763 197257
1985 33707 198854
1986 33845 198477
1987 33537 197938
1988 34225 198168
1989 33420 197918
1990 33736 198121
1991 33971 198715
1992 33926 198297
1993 33937 197939
1994 34567 199200
1995 33431 198327
1996 34214 198660
1997 34136 197482
1998 33694 197913
1999 33987 199096
2000 34133 198294
2001 34165 198818
2002 34646 199223
2003 33810 199044
2004 34374 198974
2005 34404 198731
2006 34425 198384
2007 34916 198822
2008 34919 198814
2009 34159 199152
2010 34554 200127
2011 34194 200055
2012 35042 198995
2013 34655 198509
2014 34900 198542
2015 34664 198708
2016 34481 198252
2017 35189 198906
2018 34745 199624
2019 34845 199073
2020 35523 198796
2021 34399 198474
2022 35167 199889
2023 34559 199322
2024 35142 198321
2025 35305 199157
2026 35232 198734
2027 35068 199711
2028 35143 199478
2029 35003 200026
2030 35488 199053
2031 34918 199011
2032 35310 199240
2033 34742 202385
2034 36156 202779
2035 34723 199526
2036 36040 199043
2037 34902 199717
2038 35763 199297
2039 36267 199301
2040 35875 199428
2041 36087 199320
2042 35773 198357
2043 35826 198670
2044 35652 199664
2045 35507 199531
2046 35433 199381
2047 35719 199420
2048 35814 199124
2049 35564 203938
2050 36838 205654
2051 35881 209013
2052 36492 210064
2053 36182 211331
2054 36477 213905
2055 35865 213996
2056 35730 216237
2057 36570 217584
2058 36493 218666
2059 36547 220004
2060 36454 221257
2061 36168 221434
2062 37735 228091
2063 37279 228222
2064 36605 223406
2065 36722 226246
2066 36311 226995
2067 36796 227247
2068 36789 228987
2069 36686 230081
2070 36775 230496
2071 36753 231286
2072 37111 231085
2073 36590 233360
2074 37083 232487
2075 36711 234526
2076 37219 234293
2077 37193 234360
2078 36868 235613
2079 36940 235575
2080 37093 235242
2081 37611 237398
2082 37439 238318
2083 36908 239741
2084 37514 241035
2085 37329 241682
2086 37199 241995
2087 37178 243115
2088 36958 254813
2089 39751 244133
2090 37288 245537
2091 37792 245035
2092 37724 246297
2093 37241 246520
2094 37664 247242
2095 37209 247483
2096 37842 248104
2097 37518 249437
2098 37536 249447
2099 37061 249537
2100 38227 250764
2101 37457 250496
2102 37954 251717
2103 37373 251280
2104 38043 251986
2105 38518 251533
2106 37992 252681
2107 37943 252146
2108 38394 252880
2109 38133 253866
2110 37901 252843
2111 38185 253718
2112 38042 252969
2113 38268 254997
2114 38735 255881
2115 37713 258083
2116 38257 257779
2117 38093 259242
2118 38232 260631
2119 38031 261108
2120 38784 262395
2121 38486 262807
2122 38516 263056
2123 38961 262977
2124 38228 264751
2125 38596 264495
2126 39285 263286
2127 38999 265324
2128 38806 264911
2129 38380 266939
2130 38971 267812
2131 38546 268020
2132 38535 267788
2133 38912 267688
2134 38977 268530
2135 39421 269154
2136 39357 270066
2137 39151 269794
2138 39138 271264
2139 39472 269557
2140 39435 271530
2141 39703 271871
2142 39555 271351
2143 39183 271008
2144 39556 272989
2145 40130 277394
2146 40111 274801
2147 38974 272808
2148 39060 273504
2149 39345 274063
2150 39979 273809
2151 39471 274722
2152 39368 274176
2153 39919 275080
2154 39812 274847
2155 39750 275529
2156 39938 276335
2157 39712 275926
2158 39910 277466
2159 39513 276006
2160 40053 277704
2161 39712 278103
2162 40334 277191
2163 40234 277525
2164 40325 278287
2165 39650 279224
2166 40107 278178
2167 40713 277756
2168 40663 277747
2169 40466 278697
2170 40555 278862
2171 39930 279593
2172 40070 278779
2173 40491 279499
2174 40388 278716
2175 40240 280873
2176 40384 279990
2177 40414 281359
2178 40744 283232
2179 40478 284043
2180 40471 284656
2181 40837 285779
2182 40197 286216
2183 40930 287037
2184 40603 286864
2185 40807 288294
2186 40949 289176
2187 41074 289081
2188 40800 290599
2189 41580 289871
2190 41149 290640
2191 41317 291969
2192 41064 289897
2193 41462 293346
2194 41282 294015
2195 41128 293032
2196 41181 293515
2197 41545 294196
2198 40965 294717
2199 41454 294852
2200 41313 294929
2201 41433 295721
2202 41344 296628
2203 41875 297577
2204 41844 297018
2205 41737 296758
2206 41284 296952
2207 42174 297440
2208 41499 298273
2209 41804 298733
2210 41691 299366
2211 41709 298936
2212 42585 300003
2213 42323 299980
2214 42336 300478
2215 41783 304438
2216 42603 304126
2217 42074 301751
2218 42919 302465
2219 42027 302360
2220 43048 309021
2221 43439 307699
2222 41965 303131
2223 42924 302441
2224 42282 303901
2225 42925 304152
2226 42934 303662
2227 42623 305295
2228 42866 304961
2229 42715 305332
2230 42728 305164
2231 42373 305546
2232 42514 305475
2233 42892 306291
2234 42798 305421
2235 43004 306200
2236 43586 305770
2237 42725 305931
2238 42902 307987
2239 42332 307082
2240 43084 305702
2241 43031 307972
2242 43247 308168
2243 44141 308645
2244 43078 307765
2245 42826 310147
2246 43431 309305
2247 43196 309770
2248 43734 309146
2249 42573 311105
2250 42759 311595
2251 43603 311982
2252 43118 311138
2253 43769 312530
2254 43542 312032
2255 43370 312383
2256 44285 313144
2257 43545 312746
2258 44044 313458
2259 43389 314124
2260 43410 313900
2261 43688 313373
2262 43830 313977
2263 44104 314486
2264 43823 313207
2265 43807 314162
2266 44829 313749
2267 44073 314494
2268 44560 315664
2269 44211 313322
2270 44335 313376
2271 45051 314942
2272 44350 314288
2273 45016 314559
2274 44446 317179
2275 44432 316367
2276 44779 315597
2277 44145 316299
2278 44428 316806
2279 44254 316180
2280 44409 316804
2281 45289 318125
2282 44605 317722
2283 44879 317995
2284 44576 318094
2285 44651 317897
2286 44664 317003
2287 45035 317713
2288 44753 317466
2289 45050 317835
2290 46074 324724
2291 45966 321733
2292 45613 317445
2293 44752 318620
2294 45041 318954
2295 44796 320014
2296 44884 318487
2297 45114 318063
2298 45209 318671
2299 45400 319137
2300 45042 319723
2301 45297 318016
2302 45527 318769
2303 45587 318090
2304 45504 318275
2305 45411 321986
2306 45835 321659
2307 45474 323719
2308 45642 323480
2309 45256 326096
2310 45510 325933
2311 45718 325854
2312 45542 327440
2313 45765 328089
2314 45830 328075
2315 45763 328580
2316 46065 329851
2317 45838 329842
2318 46080 329966
2319 45402 331256
2320 45854 330288
2321 45803 332668
2322 46686 333033
2323 45720 333363
2324 45999 333761
2325 46080 334705
2326 46686 334817
2327 46350 334598
2328 46724 335536
2329 46461 334238
2330 46183 335904
2331 46561 335595
2332 46689 336065
2333 46412 336151
2334 46500 336344
2335 46895 336215
2336 46218 337411
2337 47054 338045
2338 46651 338919
2339 47185 339488
2340 47097 339751
2341 46934 340343
2342 47071 339683
2343 47033 340781
2344 46810 341168
2345 46911 341641
2346 47837 340600
2347 47402 343316
2348 47047 342892
2349 47240 343053
2350 47493 342360
2351 47381 343707
2352 46936 343469
2353 47142 343651
2354 48870 352777
2355 48569 346736
2356 47508 345564
2357 47872 344663
2358 47572 344989
2359 48176 345417
2360 47778 345284
2361 48052 344700
2362 47784 346164
2363 48176 347853
2364 49282 347277
2365 47959 348683
2366 47747 346365
2367 47628 344825
2368 48285 345645
2369 47969 347130
2370 47912 347017
2371 48633 348402
2372 48657 349025
2373 48371 349937
2374 47988 351811
2375 49029 353029
2376 49987 351106
2377 49052 351203
2378 48599 351692
2379 48125 352353
2380 48500 351679
2381 48489 352269
2382 48613 353078
2383 48633 353618
2384 48446 350956
2385 50302 353396
2386 48504 352915
2387 48912 352800
2388 49243 353229
2389 48688 354899
2390 49008 355274
2391 48870 352657
2392 49717 353934
2393 48831 355675
2394 49151 356344
2395 49029 355239
2396 48861 355287
2397 49401 356265
2398 49522 357249
2399 49018 355365
2400 48992 354740
2401 49547 357065
2402 49187 355657
2403 49859 357571
2404 49341 356711
2405 50158 355823
2406 49280 356876
2407 49255 357685
2408 49595 356991
2409 50247 356299
2410 50023 356916
2411 49507 356428
2412 49917 357061
2413 49968 357254
2414 51039 365697
2415 51184 359584
2416 50005 356728
2417 50010 356528
2418 49679 358231
2419 49950 357812
2420 50006 357147
2421 50109 357039
2422 49666 358172
2423 50011 359432
2424 50524 358278
2425 50728 358357
2426 50692 357907
2427 50669 360109
2428 50226 357973
2429 50173 357849
2430 50341 357376
2431 50440 359320
2432 50497 358963
2433 50747 358276
2434 51155 359263
2435 50540 361029
2436 50900 361706
2437 50996 361419
2438 50524 361282
2439 51400 360955
2440 50695 363349
2441 50771 362483
2442 51115 363758
2443 51038 362973
2444 50891 363838
2445 51274 363754
2446 51145 363541
2447 50940 364751
2448 51319 363778
2449 51726 363823
2450 51423 364661
2451 51409 365212
2452 51594 365184
2453 51078 365396
2454 51269 366366
2455 52119 365807
2456 51764 365845
2457 51883 367153
2458 51568 366635
2459 51395 367755
2460 51931 366650
2461 51934 366297
2462 51902 366854
2463 51600 367053
2464 51923 367241
2465 52177 368984
2466 52730 367287
2467 51853 369019
2468 52160 370036
2469 52441 367810
2470 51992 369080
2471 52530 369026
2472 53705 377275
2473 53725 372211
2474 52218 371921
2475 52292 368791
2476 52679 371059
2477 52271 370565
2478 52685 371519
2479 52492 370240
2480 51862 370162
2481 53058 369794
2482 52500 370192
2483 53184 369798
2484 52821 370451
2485 53238 371198
2486 52617 371349
2487 52640 371246
2488 52608 372487
2489 52861 371309
2490 52906 371238
2491 52988 371426
2492 53057 371766
2493 53031 371257
2494 53577 369677
2495 53683 375598
2496 54615 374615
2497 53389 372974
2498 52923 372693
2499 53265 373375
2500 53522 373599
2501 54314 378927
2502 54272 377183
2503 55375 381272
2504 54143 379218
2505 53339 379586
2506 53747 373862
2507 53545 375055
2508 53779 374326
2509 55325 375355
2510 54133 374861
2511 54085 374404
2512 54396 374200
2513 53955 375391
2514 53711 375680
2515 53542 375518
2516 54003 375529
2517 54166 375870
2518 54087 376758
2519 54313 375631
2520 54307 378545
2521 54651 374926
2522 54369 377042
2523 53943 378148
2524 54198 377072
2525 54568 375448
2526 55150 375863
2527 54783 375935
2528 54383 377616
2529 54907 376819
2530 55529 383543
2531 55923 374957
2532 54590 376084
2533 54792 376775
2534 55041 375607
2535 54875 376009
2536 54577 377397
2537 55566 374990
2538 55086 376915
2539 54952 377452
2540 55221 378452
2541 55011 375352
2542 55046 375811
2543 55191 376192
2544 55056 376907
2545 55079 376396
2546 55150 376923
2547 55189 376045
2548 55929 376520
2549 56132 377180
2550 55438 377246
2551 55644 375963
2552 65753 383702
2553 56392 376561
2554 55954 376920
2555 55530 376392
2556 55571 376164
2557 56127 377349
2558 55638 377210
2559 56192 377461
2560 55928 377713
2561 56049 381472
2562 55397 382173
2563 56129 382580
2564 56149 382513
2565 55914 385481
2566 55724 385925
2567 56009 386349
2568 55827 385287
2569 56107 388640
2570 56148 388386
2571 56014 389967
2572 56119 387804
2573 56828 390383
2574 56929 390764
2575 56657 391028
2576 56542 390695
2577 57149 392078
2578 56464 393046
2579 56599 395402
2580 56727 392701
2581 57397 394574
2582 57048 392240
2583 57505 395295
2584 56822 398008
2585 58723 403726
2586 57360 394932
2587 57062 395661
2588 56920 395665
2589 57996 399777
2590 57984 395823
2591 57870 395973
2592 58061 396595
2593 58485 397659
2594 57599 398674
2595 57767 397045
2596 57041 398955
2597 57894 399504
2598 57278 401108
2599 57391 401309
2600 57394 401797
2601 58224 401730
2602 58358 400721
2603 57539 401330
2604 58794 402402
2605 57615 404136
2606 59307 402237
2607 58150 405488
2608 57758 402937
2609 58458 402764
2610 57841 403496
2611 58167 403516
2612 57995 405008
2613 58142 403801
2614 58035 409486
2615 58164 417356
2616 60828 414709
2617 59593 403711
2618 60934 410342
2619 58305 405618
2620 58558 405378
2621 58718 407672
2622 58044 406196
2623 59073 405717
2624 58902 404795
2625 58953 406756
2626 58926 406349
2627 59028 407120
2628 59238 406639
2629 59092 409538
2630 58907 410340
2631 59068 409360
2632 59244 409901
2633 58896 409599
2634 59489 411732
2635 59307 409589
2636 60122 417420
2637 61193 417560
2638 59088 411372
2639 59342 409993
2640 59554 411584
2641 59414 411427
2642 59367 413099
2643 59389 412306
2644 59370 412715
2645 59955 411497
2646 59436 419420
2647 59469 412868
2648 60177 414252
2649 60025 413343
2650 60095 413576
2651 59921 413533
2652 59927 414167
2653 60189 413881
2654 60517 414040
2655 60213 413851
2656 59712 414988
2657 60719 414905
2658 60986 414725
2659 60795 417385
2660 60179 415558
2661 60338 417071
2662 60305 418212
2663 60763 415515
2664 60364 414869
2665 61372 416621
2666 60976 417422
2667 60293 416237
2668 60614 416750
2669 60791 415783
2670 61054 416893
2671 60914 416246
2672 61318 416662
2673 61185 414781
2674 60909 419027
2675 61155 417275
2676 61163 418137
2677 60952 418208
2678 61933 416275
2679 61049 417126
2680 61201 416954
2681 61152 418211
2682 60998 417668
2683 61772 417015
2684 62144 417730
2685 61440 417509
2686 62393 420183
2687 63728 430938
2688 62024 418738
2689 62404 419637
2690 61417 421047
2691 61798 420586
2692 61557 422406
2693 62004 421258
2694 62016 422756
2695 62652 421003
2696 61913 423008
2697 62273 422396
2698 64429 427575
2699 61684 425093
2700 63274 423293
2701 62584 431248
2702 62893 430771
2703 63227 429002
2704 62829 426469
2705 62381 427636
2706 62265 426831
2707 62878 426485
2708 62804 427791
2709 64336 426320
2710 62633 425695
2711 62619 428772
2712 62715 426333
2713 62667 425772
2714 63771 425757
2715 63034 426033
2716 62925 429810
2717 62912 427658
2718 63987 427969
2719 62550 428158
2720 62692 428939
2721 63379 427762
2722 63684 426873
2723 63128 428237
2724 63620 426696
2725 63173 428405
2726 63224 429707
2727 64526 432794
2728 63054 431156
2729 64287 431047
2730 63729 434770
2731 63967 434675
2732 64592 435518
2733 64278 430255
2734 63887 429521
2735 63393 429453
2736 63661 428960
2737 63677 431120
2738 63547 430400
2739 63922 430636
2740 65137 431684
2741 64346 430920
2742 63799 430042
2743 64040 431923
2744 63830 429990
2745 65946 431547
2746 64448 430992
2747 64320 431858
2748 63932 433280
2749 64379 431249
2750 65133 431908
2751 65074 433457
2752 65469 432456
2753 65427 430438
2754 65074 433152
2755 64909 433638
2756 64700 433505
2757 65285 433700
2758 65246 433908
2759 64614 434282
2760 65170 433650
2761 66128 435311
2762 65457 434843
2763 64498 433977
2764 65696 434575
2765 65788 434747
2766 65439 437743
2767 65226 433696
2768 65941 434499
2769 65610 433186
2770 65069 434730
2771 65054 435907
2772 65227 434302
2773 65268 434195
2774 65804 436576
2775 66371 437544
2776 66530 437144
2777 65454 434924
2778 65276 435210
2779 65882 434840
2780 65701 435747
2781 66192 436168
2782 66909 437223
2783 66315 435305
2784 66019 440002
2785 66184 437580
2786 66333 436730
2787 66938 438819
2788 66169 438925
2789 67134 435813
2790 66742 438017
2791 66028 435287
2792 66570 440771
2793 68363 437311
2794 66629 435736
2795 66415 435417
2796 66749 436140
2797 67618 437503
2798 66607 436496
2799 66725 436247
2800 66584 436029
2801 67277 438340
2802 67128 437045
2803 67311 435787
2804 67288 436951
2805 66846 437275
2806 67801 436223
2807 67168 438701
2808 68439 443063
2809 68547 452036
2810 69751 452195
2811 68778 450612
2812 69816 452859
2813 70405 453105
2814 69878 450226
2815 69245 440066
2816 68657 454346
2817 70658 451702
2818 67715 449783
2819 68350 440474
2820 67988 454229
2821 71123 444664
2822 66834 441397
2823 67867 447097
2824 67038 437412
2825 68933 447890
2826 71099 445635
2827 70755 454634
2828 67692 446089
2829 71405 462340
2830 69416 451975
2831 71137 457066
2832 70152 448238
2833 70086 449648
2834 71060 447466
2835 68070 449277
2836 69366 455976
2837 70964 456506
2838 69451 451099
2839 67685 438454
2840 67381 436186
2841 67922 439862
2842 67379 446621
2843 69327 435518
2844 68063 445664
2845 67647 436286
2846 67768 441750
2847 67398 437892
2848 68456 439186
2849 67851 442044
2850 67904 441226
2851 69035 443228
2852 68789 444651
2853 68585 442352
2854 68546 439468
2855 67921 439203
2856 70307 448611
2857 68920 450759
2858 70327 442798
2859 69266 444631
2860 68336 451126
2861 69863 446869
2862 68372 447421
2863 69574 444535
2864 69031 450372
2865 68471 438616
2866 68070 440190
2867 68857 443263
2868 68664 450076
2869 70481 447395
2870 69828 445300
2871 68907 447719
2872 70694 441217
2873 71246 444211
2874 69311 443721
2875 69821 449934
2876 71256 461315
2877 70321 452475
2878 70200 464617
2879 73369 461507
2880 72038 461539
2881 74434 458975
2882 71916 469504
2883 73711 459487
2884 72576 464310
2885 75041 472864
2886 71141 465769
2887 69952 465671
2888 70607 454155
2889 72490 470388
2890 73601 466225
2891 73859 466315
2892 71260 463914
2893 74234 456301
2894 74033 467296
2895 70983 469592
2896 73871 453670
2897 75430 471799
2898 73549 449531
2899 74819 469695
2900 70365 464390
2901 73331 466825
2902 78395 470278
2903 74786 466087
2904 72470 454873
2905 72369 467369
2906 73224 465583
2907 74428 471832
2908 74641 465843
2909 73976 469577
2910 73770 456043
2911 70970 450177
2912 74648 463504
2913 75450 462317
2914 72459 454837
2915 74159 463608
2916 71744 447556
2917 75249 469142
2918 70854 445778
2919 70631 447569
2920 70852 445505
2921 72199 448152
2922 72040 445953
2923 71759 450568
2924 70953 451022
2925 71633 465762
2926 75371 456096
2927 75092 465191
2928 75561 464391
2929 75128 471773
2930 73694 463110
2931 73548 464132
2932 75221 465651
2933 71843 461461
2934 76040 463530
2935 75039 463673
2936 71896 456820
2937 75662 469935
2938 74836 459723
2939 75247 469864
2940 71815 447733
2941 72130 446643
2942 71763 446427
2943 72176 448611
2944 75864 466655
2945 73088 455334
2946 75629 465287
2947 72166 460660
2948 76980 468662
2949 74748 468495
2950 76638 463329
2951 75517 469128
2952 75044 458624
2953 75757 462094
2954 76164 470748
2955 72751 448221
2956 72837 449382
2957 73094 448598
2958 74930 461619
2959 72909 452804
2960 73158 449553
2961 73241 450659
2962 73115 449749
2963 72925 450577
2964 73164 450218
2965 107128 464797
2966 73114 449327
2967 73165 449369
2968 73123 469422
2969 74023 463924
2970 74319 462355
2971 76103 450001
2972 74579 450122
2973 73711 450548
2974 73806 449044
2975 77693 462297
2976 75846 462953
2977 74738 460289
2978 77496 470710
2979 77201 466304
2980 73511 451163
2981 74462 450459
2982 74839 450846
2983 74582 456345
2984 74391 450863
2985 73987 450394
2986 74053 474044
2987 75195 471888
2988 78854 457952
2989 79326 459627
2990 78802 473488
2991 74320 470320
2992 76468 468641
2993 74641 451332
2994 74333 451477
2995 74709 452073
2996 75238 454320
2997 75144 451311
2998 74497 450969
2999 74736 471830
