1 4 2
2 2 2
3 2 2
4 2 2
5 2 3
6 2 3
7 3 3
8 3 3
9 4 4
10 4 4
11 5 5
12 5 5
13 5 5
14 6 6
15 6 7
16 7 8
17 8 8
18 8 9
19 9 10
20 10 10
21 10 11
22 11 12
23 12 13
24 13 14
25 14 15
26 15 15
27 16 17
28 17 17
29 18 18
30 19 19
31 20 20
32 21 21
33 22 23
34 24 24
35 26 26
36 26 27
37 28 28
38 29 30
39 30 31
40 32 33
41 33 33
42 34 35
43 36 37
44 37 37
45 39 40
46 40 41
47 42 43
48 44 44
49 45 46
50 48 48
51 49 50
52 50 51
53 53 53
54 54 55
55 66 58
56 59 60
57 60 61
58 62 63
59 64 65
60 66 67
61 68 69
62 70 72
63 73 74
64 75 76
65 77 78
66 79 80
67 82 83
68 83 85
69 86 88
70 88 90
71 90 93
72 94 96
73 96 98
74 98 100
75 101 103
76 104 105
77 107 108
78 109 110
79 112 114
80 114 116
81 117 118
82 119 121
83 122 124
84 125 147
85 120 122
86 123 125
87 127 128
88 129 130
89 132 133
90 135 136
91 137 139
92 139 142
93 143 145
94 146 152
95 149 151
96 153 153
97 156 157
98 159 159
99 161 163
100 164 166
101 168 170
102 171 173
103 174 176
104 177 180
105 180 183
106 184 186
107 188 189
108 191 192
109 194 196
110 188 189
111 191 192
112 194 196
113 197 199
114 201 203
115 204 206
116 208 213
117 261 213
118 216 218
119 219 222
120 222 224
121 225 228
122 230 265
123 241 263
124 236 238
125 240 242
126 244 246
127 248 250
128 238 240
129 241 244
130 245 247
131 248 250
132 252 255
133 260 258
134 260 262
135 264 266
136 268 270
137 272 274
138 279 278
139 280 282
140 284 286
141 288 290
142 291 293
143 281 283
144 284 287
145 288 290
146 292 295
147 296 301
148 300 302
149 303 305
150 307 310
151 312 314
152 316 319
153 320 322
154 323 327
155 328 331
156 316 319
157 321 323
158 324 327
159 328 331
160 334 336
161 336 339
162 341 343
163 345 347
164 349 352
165 352 356
166 357 360
167 362 373
168 349 352
169 354 358
170 357 360
171 368 365
172 366 369
173 370 374
174 374 377
175 379 381
176 384 386
177 386 390
178 396 387
179 379 382
180 383 386
181 387 391
182 392 393
183 396 398
184 400 403
185 406 406
186 408 411
187 413 416
188 417 418
189 403 405
190 408 411
191 412 415
192 415 419
193 421 424
194 424 427
195 429 432
196 434 437
197 438 440
198 425 427
199 429 431
200 433 436
201 436 439
202 442 444
203 445 449
204 450 453
205 455 458
206 459 461
207 445 448
208 450 453
209 454 456
210 458 461
211 462 466
212 467 473
213 469 475
214 476 479
215 479 484
216 466 469
217 471 474
218 478 478
219 479 481
220 484 487
221 489 492
222 493 494
223 496 500
224 484 488
225 488 491
226 492 497
227 496 499
228 500 503
229 506 508
230 510 512
231 514 515
232 500 504
233 505 508
234 511 511
235 513 516
236 517 522
237 522 524
238 526 529
239 529 531
240 517 520
241 522 525
242 525 529
243 530 533
244 533 541
245 539 542
246 543 546
247 530 533
248 533 537
249 538 543
250 542 546
251 547 549
252 551 555
253 555 559
254 566 545
255 547 550
256 550 555
257 555 559
258 559 562
259 565 567
260 567 572
261 572 578
262 576 580
263 580 585
264 584 589
265 589 593
266 594 598
267 598 603
268 604 607
269 607 611
270 611 617
271 616 620
272 620 626
273 624 629
274 629 635
275 635 638
276 639 644
277 643 648
278 648 652
279 653 657
280 657 661
281 663 666
282 666 671
283 670 675
284 675 680
285 681 685
286 684 690
287 690 695
288 695 701
289 699 704
290 704 713
291 709 714
292 714 721
293 719 723
294 726 729
295 729 733
296 735 738
297 738 743
298 744 747
299 749 754
300 754 758
301 759 765
302 763 768
303 770 773
304 773 777
305 778 782
306 783 789
307 788 793
308 795 799
309 799 803
310 803 808
311 809 815
312 814 819
313 821 824
314 824 829
315 829 834
316 835 841
317 840 845
318 844 850
319 850 856
320 855 860
321 863 865
322 866 873
323 872 876
324 912 910
325 913 888
326 887 892
327 894 897
328 899 905
329 904 962
330 909 914
331 915 922
332 920 960
333 925 931
334 933 936
335 972 959
336 942 947
337 950 953
338 988 962
339 959 963
340 965 969
341 973 976
342 976 981
343 981 1021
344 988 993
345 994 998
346 1052 1005
347 1005 1010
348 1010 1015
349 1017 1020
350 1021 1028
351 1037 1058
352 1033 1039
353 1041 1044
354 1046 1051
355 1050 1058
356 1057 1097
357 1063 1068
358 1069 1072
359 1074 1082
360 1080 1139
361 1146 1147
362 1127 877
363 1099 931
364 1139 887
365 1127 865
366 1133 870
367 1121 874
368 1128 914
369 1135 882
370 1140 888
371 1199 894
372 1151 896
373 1157 920
374 1167 907
375 1174 911
376 1195 918
377 1183 920
378 1191 978
379 1196 931
380 1203 935
381 1210 940
382 1214 945
383 1222 951
384 1226 952
385 1234 960
386 1240 963
387 1249 968
388 1252 972
389 1258 981
390 1264 983
391 1272 990
392 1278 1046
393 1286 1000
394 1289 1001
395 1300 1007
396 1306 1012
397 1311 1019
398 1319 1115
399 1368 1063
400 1331 1034
401 1354 1041
402 1344 1044
403 1369 1052
404 1356 1107
405 1410 1093
406 1398 1062
407 1378 1087
408 1383 1071
409 1391 1113
410 1397 1082
411 1405 1143
412 1428 1109
413 1418 1117
414 1426 1104
415 1433 1127
416 1454 1115
417 1446 1173
418 1452 1126
419 1460 1148
420 1464 1135
421 1473 1159
422 1514 1146
423 1506 1186
424 1490 1156
425 1519 1165
426 1567 1170
427 1533 1174
428 1520 1179
429 1581 1187
430 1537 1187
431 1546 1194
432 1552 1198
433 1560 1205
434 1577 1242
435 1573 1217
436 1579 1335
437 1639 1272
438 1631 1232
439 1601 1241
440 1609 1242
441 1618 1251
442 1626 1253
443 1631 1297
444 1636 1263
445 1679 1273
446 1651 1277
447 1662 1282
448 1668 1289
449 1674 1296
450 1681 1332
451 1690 1309
452 1791 1354
453 1705 1317
454 1713 1320
455 1719 1364
456 1726 1335
457 1787 1341
458 1744 1344
459 1751 1350
460 1813 1400
461 1763 1364
462 1773 1366
463 1802 1409
464 1786 1379
465 1831 1388
466 1804 1408
467 1813 1397
468 1854 1403
469 1824 1431
470 1835 1415
471 1842 1421
472 1849 1427
473 1902 1434
474 1867 1473
475 1872 1446
476 1918 1448
477 1890 1510
478 1896 1464
479 1905 1471
480 1914 1510
481 1919 1480
482 1980 1486
483 1938 1492
484 1943 1500
485 1952 1504
486 1960 1562
487 1967 1518
488 1976 1522
489 1985 1531
490 1991 1535
491 2001 1541
492 2007 1547
493 2017 1555
494 2025 1558
495 2033 1568
496 2042 1571
497 2048 1579
498 2116 1583
499 2064 1628
500 2073 1598
501 2082 1606
502 2140 1841
503 2215 1655
504 2105 1623
505 2169 1746
506 2170 1636
507 2132 1643
508 2140 1648
509 2167 1655
510 2155 1661
511 2165 1668
512 2172 1673
513 2184 1679
514 2189 1687
515 2200 1694
516 2210 1699
517 2215 1706
518 2226 1710
519 2250 1720
520 2260 1724
521 2250 1733
522 2259 1736
523 2265 1746
524 2350 1855
525 2327 1758
526 2290 1765
527 2301 1771
528 2307 1777
529 2320 1786
530 2326 1789
531 2334 1800
532 2345 1802
533 2352 1813
534 2361 1817
535 2372 1825
536 2376 1831
537 2389 1841
538 2398 1844
539 2404 1857
540 2416 1858
541 2424 1864
542 2432 1872
543 2443 1880
544 2452 1885
545 2458 2028
546 2504 1898
547 2479 1904
548 2486 1911
549 2494 1921
550 2504 1927
551 2513 1932
552 2522 1940
553 2531 1947
554 2537 1953
555 2550 1960
556 2558 1965
557 2569 1975
558 2575 1980
559 2587 1989
560 2597 1993
561 2750 2019
562 2616 2008
563 2626 2018
564 2632 2020
565 2641 2032
566 2650 2037
567 2662 2046
568 2667 2049
569 2680 2058
570 2689 2063
571 2701 2074
572 2703 2079
573 2714 2089
574 2726 2093
575 2745 2104
576 2746 2106
577 2784 2116
578 2957 2152
579 2774 2132
580 2784 2132
581 2792 2144
582 2892 2149
583 2812 2159
584 2819 2162
585 2829 2177
586 2836 2180
587 2849 2190
588 2859 2194
589 2869 2205
590 2879 2208
591 2889 2220
592 2900 2223
593 2908 2234
594 2918 2238
595 2927 2250
596 2937 2254
597 2946 2263
598 2960 2266
599 2969 2278
600 2977 2283
601 2990 2289
602 3000 2294
603 3008 2306
604 3018 2313
605 3028 2323
606 3136 2392
607 3044 2336
608 3056 2344
609 3066 2351
610 3080 2511
611 3120 2379
612 3098 2376
613 3107 2383
614 3119 2388
615 3131 2398
616 3139 2403
617 3146 2415
618 3157 2420
619 3169 2429
620 3177 2434
621 3190 2445
622 3200 2451
623 3207 2461
624 3218 2468
625 3231 2475
626 3239 2480
627 3251 2491
628 3262 2498
629 3271 2506
630 3283 2511
631 3292 2523
632 3301 2531
633 3311 2538
634 3321 2548
635 3331 2556
636 3345 2560
637 3630 2660
638 3363 2578
639 3376 2587
640 3386 2594
641 3396 2604
642 3405 2608
643 3417 2619
644 3427 2626
645 3437 2635
646 3449 2640
647 3459 2651
648 3471 2656
649 3479 2667
650 3491 2671
651 3503 2682
652 3515 2689
653 3527 2701
654 3535 2704
655 3545 2718
656 3556 2722
657 3563 2732
658 3577 2739
659 3588 2750
660 3601 2755
661 3610 2766
662 3625 2775
663 3631 2782
664 3769 2868
665 3655 2799
666 3668 2804
667 3677 2816
668 3690 2820
669 3700 2831
670 3939 2934
671 3720 2849
672 3732 2855
673 3743 2865
674 3753 2994
675 3818 2885
676 3776 2888
677 3787 2902
678 3797 2907
679 3809 2917
680 3823 2922
681 3832 2931
682 3845 2940
683 3851 2950
684 3864 2955
685 3875 2967
686 3905 2973
687 4004 2982
688 3910 2990
689 3923 3001
690 3932 3010
691 3942 3016
692 3957 3026
693 3968 3037
694 3979 3043
695 3986 3052
696 4000 3060
697 4012 3070
698 4024 3076
699 4035 3086
700 4047 3111
701 4060 3105
702 4072 3111
703 4082 3122
704 4092 3127
705 4106 3140
706 4120 3145
707 4125 3159
708 4138 3165
709 4152 3175
710 4163 3325
711 4175 3192
712 4185 3200
713 4200 3230
714 4220 3214
715 4220 3242
716 4232 3235
717 4245 3248
718 4257 3252
719 4266 3262
720 4280 3269
721 4294 3282
722 4305 3288
723 4315 2812
724 4552 2662
725 4340 2586
726 4353 2590
727 4362 2597
728 4374 2602
729 4388 2612
730 4401 2621
731 4410 2624
732 4424 2628
733 4438 2641
734 4448 2645
735 4462 2653
736 4473 2658
737 4486 2672
738 4497 2677
739 4526 2682
740 4521 2686
741 4534 2698
742 4545 2704
743 4554 2710
744 4566 2712
745 4582 2727
746 4594 2751
747 4605 2739
748 4619 2742
749 4631 2755
750 4644 2761
751 4655 2768
752 4667 2771
753 4815 2869
754 4693 2788
755 4703 2795
756 4715 2799
757 4731 2810
758 4743 2820
759 4753 2824
760 4768 2827
761 4781 2838
762 5022 2948
763 4824 2872
764 4818 2857
765 4832 2872
766 4843 2875
767 4855 2881
768 4866 2884
769 4880 2898
770 4893 2905
771 4903 2911
772 4978 2913
773 4932 2925
774 5153 2972
775 4955 2941
776 4970 2944
777 4985 2956
778 4995 2963
779 5008 2970
780 5036 2971
781 5034 2985
782 5048 2994
783 5076 3002
784 5071 3004
785 5085 3034
786 5098 3024
787 5110 3029
788 5125 3032
789 5137 3045
790 5150 3050
791 5163 3059
792 5306 3128
793 5196 3073
794 5200 3086
795 5214 3107
796 5225 3091
797 5241 3106
798 5255 3113
799 5265 3119
800 5277 3125
801 5295 3138
802 5307 3142
803 5320 3146
804 5333 3154
805 5348 3166
806 5358 3171
807 5371 3182
808 5383 3185
809 5398 3197
810 5412 3204
811 5426 3211
812 5437 3214
813 5489 3224
814 5464 3235
815 5479 3239
816 5492 3247
817 5506 3258
818 5671 3374
819 5533 3272
820 5546 3276
821 5560 3290
822 5575 3297
823 5586 3304
824 5712 3325
825 5636 3319
826 5628 3329
827 5640 3332
828 5753 3338
829 5667 3351
830 5683 3362
831 5994 3369
832 5712 3371
833 5723 3383
834 5737 3391
835 5820 3416
836 5781 3403
837 5778 3415
838 5790 3421
839 5805 3429
840 5817 3432
841 5923 3446
842 5846 3456
843 5859 3462
844 5911 3466
845 5890 3480
846 5902 3483
847 5915 3494
848 5930 3499
849 5944 3508
850 5956 3515
851 5970 3525
852 5985 3527
853 6001 3541
854 6015 3548
855 6027 3557
856 6041 3562
857 6056 3576
858 6355 3602
859 6083 3591
860 6099 3594
861 6112 3605
862 6127 3612
863 6139 3637
864 6172 3624
865 6170 3640
866 6183 3647
867 6195 3655
868 6211 3660
869 6224 3675
870 6239 3682
871 6253 3689
872 6269 3691
873 6284 3708
874 6297 3713
875 6311 3911
876 6326 3724
877 6341 3738
878 6358 3747
879 6370 3754
880 6383 3760
881 6396 3771
882 6412 3782
883 6429 3787
884 6442 3791
885 6458 3806
886 6469 3816
887 6483 3819
888 6500 3824
889 6516 3839
890 6530 3845
891 6751 3906
892 6557 3860
893 6577 3875
894 6592 3881
895 6603 3892
896 6618 3892
897 7227 4147
898 6745 3918
899 6661 3919
900 6691 3926
901 6713 3940
902 6707 3947
903 6720 3958
904 6780 3960
905 6752 3990
906 6766 3983
907 6781 3992
908 6814 3990
909 6813 4007
910 6826 4017
911 6837 4026
912 6856 4027
913 6869 4041
914 6886 4050
915 6900 4059
916 6914 4062
917 6930 4078
918 6946 4085
919 6961 4095
920 6975 4097
921 6991 4112
922 7009 4119
923 7018 4127
924 7034 4130
925 7047 4149
926 7066 4155
927 7083 4162
928 7097 4454
929 7112 4181
930 7127 4190
931 7142 4203
932 7157 4205
933 7209 4237
934 7209 4259
935 7206 4233
936 7217 4235
937 7234 4257
938 7250 4260
939 7264 4267
940 7279 4273
941 7297 4288
942 7311 4298
943 7325 4322
944 7343 4311
945 7359 4325
946 7375 4334
947 7387 4338
948 7404 4346
949 7422 4358
950 7441 4369
951 7451 4375
952 7648 4488
953 7484 4396
954 7516 4405
955 7515 4413
956 7530 4417
957 7547 4432
958 7562 4440
959 7627 4449
960 7813 4490
961 7646 4488
962 7625 4476
963 7667 4483
964 7656 4489
965 7675 4506
966 7688 4515
967 7702 4522
968 7718 4527
969 7738 4541
970 7751 4547
971 7767 4560
972 8052 4560
973 7798 4850
974 7872 4586
975 7831 4594
976 7852 4596
977 7863 4616
978 7881 4620
979 7896 4632
980 7907 4636
981 7930 4656
982 7947 4657
983 7959 4668
984 7974 4668
985 7994 4689
986 8011 4697
987 8044 4705
988 8039 4713
989 8058 4908
990 8076 4752
991 8088 4744
992 8106 4744
993 8123 4763
994 8138 4769
995 8154 4780
996 8296 4908
997 8188 4802
998 8207 4807
999 8221 4814
1000 8235 4819
1001 8969 4908
1002 8354 5107
1003 8285 4859
1004 8306 4863
1005 8317 4880
1006 8334 4923
1007 8444 4894
1008 8367 4896
1009 8387 4913
1010 8402 4924
1011 8418 4930
1012 8433 4949
1013 8462 4979
1014 8472 4959
1015 8484 4967
1016 8498 4970
1017 8519 5157
1018 8534 5000
1019 8695 5132
1020 8570 5013
1021 8587 5030
1022 8605 5037
1023 8620 5048
1024 8633 5049
1025 8653 5070
1026 8669 5073
1027 8688 5084
1028 8703 5089
1029 8718 5104
1030 8863 5118
1031 8752 5122
1032 8769 5130
1033 8791 5144
1034 8806 5155
1035 8823 5164
1036 8842 5169
1037 8856 5187
1038 8873 5193
1039 8887 5203
1040 8906 5205
1041 8923 5443
1042 8938 5232
1043 8958 5241
1044 9247 5244
1045 9051 5451
1046 9024 5274
1047 9025 5281
1048 9041 5288
1049 9815 5409
1050 9082 5311
1051 9095 5455
1052 9115 5323
1053 9130 5341
1054 9148 5351
1055 9181 5358
1056 9180 5360
1057 9205 5380
1058 9216 5386
1059 9234 5399
1060 9252 5402
1061 9270 5422
1062 9288 5430
1063 9323 5442
1064 9335 5444
1065 9339 5461
1066 9356 5467
1067 9375 5476
1068 9388 5481
1069 9664 5501
1070 9423 5508
1071 9461 5521
1072 9460 5561
1073 9481 5541
1074 9501 5556
1075 9513 5561
1076 9528 5571
1077 9550 5582
1078 9573 5590
1079 9584 5598
1080 9603 5604
1081 9660 5641
1082 9639 5651
1083 9969 5638
1084 9678 5669
1085 9693 5662
1086 9709 5720
1087 9810 5882
1088 9828 5740
1089 9762 5702
1090 9782 5751
1091 9798 5748
1092 9870 5826
1093 10177 5764
1094 9927 5759
1095 9873 5760
1096 9884 5774
1097 9912 5795
1098 9924 5831
1099 9942 5820
1100 9959 5835
1101 9979 5849
1102 9999 5859
1103 10015 5873
1104 10036 5869
1105 10055 5897
1106 10072 5893
1107 10087 5913
1108 10110 5909
1109 10122 5910
1110 10143 5953
1111 10163 5926
1112 10179 5973
1113 10199 5990
1114 10216 5968
1115 10235 6012
1116 10471 6080
1117 10270 6029
1118 10296 6009
1119 10305 6058
1120 10324 6020
1121 10340 6062
1122 10361 6049
1123 10377 6083
1124 10398 6063
1125 11286 6135
1126 10432 6112
1127 10453 6130
1128 10470 6122
1129 10492 6134
1130 10511 6349
1131 10614 6202
1132 10620 6195
1133 10795 6261
1134 10640 6401
1135 10793 6187
1136 10638 6209
1137 10638 6210
1138 10727 6459
1139 10675 6230
1140 10817 6249
1141 10785 6280
1142 10737 6261
1143 10751 6295
1144 10772 6273
1145 10788 6292
1146 10811 6300
1147 10828 6313
1148 10847 6367
1149 10862 6338
1150 10883 6346
1151 10923 6354
1152 10921 6359
1153 10978 6437
1154 10960 6443
1155 11055 6400
1156 11037 6437
1157 11055 6425
1158 11034 6433
1159 11072 6480
1160 11211 6611
1161 11586 6647
1162 11224 6497
1163 11166 6487
1164 11167 6510
1165 11360 6527
1166 11209 6537
1167 11209 6530
1168 11224 6532
1169 11256 6568
1170 11299 6601
1171 11320 6573
1172 11303 6578
1173 11326 6595
1174 11408 6774
1175 11418 6690
1176 11473 6623
1177 11763 7262
1178 11602 6770
1179 11517 6939
1180 12108 6680
1181 11565 6742
1182 11647 6798
1183 11604 6937
1184 11539 6710
1185 11556 6733
1186 11574 6738
1187 11591 6749
1188 11611 6758
1189 11631 6773
1190 11654 6788
1191 11670 6969
1192 11693 6810
1193 11712 6820
1194 11733 7000
1195 11767 6843
1196 11771 6861
1197 11794 6867
1198 11823 6933
1199 11879 6887
1200 11851 6919
1201 11871 6908
1202 11889 6949
1203 11910 6927
1204 11927 6962
1205 11950 6952
1206 11973 7004
1207 12024 6973
1208 12094 7035
1209 12067 7019
1210 12146 7052
1211 12085 7538
1212 12107 7082
1213 12128 7107
1214 12148 7107
1215 12182 7293
1216 12553 7202
1217 12223 7136
1218 12244 7180
1219 12283 7161
1220 12576 7348
1221 12305 7178
1222 12309 7191
1223 12344 7388
1224 12620 7263
1225 12529 7284
1226 12606 7766
1227 12621 7259
1228 12546 7222
1229 12596 7411
1230 12635 7265
1231 12605 7344
1232 12722 7412
1233 12580 7333
1234 12584 7312
1235 12585 7508
1236 12604 7319
1237 12630 7374
1238 12649 7358
1239 12930 7411
1240 12704 7351
1241 12773 7608
1242 12814 7638
1243 12765 7546
1244 12752 7423
1245 12811 7436
1246 13050 7463
1247 12812 7458
1248 12964 7502
1249 12854 7498
1250 12856 7509
1251 12892 7518
1252 12915 7529
1253 12937 7519
1254 13513 7551
1255 13247 7542
1256 13262 7694
1257 13569 7724
1258 13457 7827
1259 13384 7850
1260 13390 7838
1261 13378 7889
1262 13335 7955
1263 13250 7899
1264 13251 7961
1265 13339 7857
1266 13386 7851
1267 13401 7756
1268 13379 7738
1269 13301 7728
1270 13269 7744
1271 13289 7733
1272 13309 7755
1273 13346 7761
1274 13354 7800
1275 13374 7843
1276 13402 7833
1277 13419 7816
1278 13438 7852
1279 13554 7880
1280 13474 7867
1281 13498 7868
1282 14132 8008
1283 13810 7933
1284 13564 7914
1285 13585 8414
1286 13606 7908
1287 13622 7948
1288 13643 7919
1289 13669 7975
1290 13690 7996
1291 13710 8006
1292 13734 8009
1293 13752 8031
1294 13776 8039
1295 13791 8052
1296 13816 8052
1297 14098 8079
1298 13877 8082
1299 13877 8097
1300 13900 8099
1301 13927 8127
1302 13947 8108
1303 13966 8132
1304 13983 8128
1305 14063 8157
1306 14031 8171
1307 14048 8197
1308 14071 8179
1309 14092 8243
1310 14156 8225
1311 14373 8251
1312 14159 8223
1313 14737 8363
1314 14205 8257
1315 14221 8297
1316 14247 8267
1317 14271 8584
1318 14291 8336
1319 14324 8305
1320 14324 8353
1321 14355 8325
1322 14377 8339
1323 14393 8393
1324 14416 8500
1325 14456 8440
1326 14465 8391
1327 14482 8443
1328 14501 8408
1329 14527 8464
1330 14547 8438
1331 14630 8487
1332 14593 8452
1333 14618 8508
1334 14674 8493
1335 14657 8528
1336 14675 8505
1337 14703 8553
1338 14727 8538
1339 14743 8558
1340 14997 8562
1341 14792 8580
1342 14815 8588
1343 14897 8598
1344 14915 8601
1345 14881 8631
1346 14906 8638
1347 14921 8647
1348 14944 8653
1349 14968 8679
1350 15211 8686
1351 15070 8713
1352 15412 8890
1353 15055 8733
1354 15077 8741
1355 15098 8754
1356 15117 8760
1357 15256 8779
1358 15169 8804
1359 15192 8800
1360 15211 8819
1361 15233 8828
1362 15257 8857
1363 15277 8857
1364 15301 8877
1365 15323 8886
1366 15370 8899
1367 15368 8906
1368 15388 8909
1369 15415 8936
1370 15438 8970
1371 15472 8956
1372 15485 8989
1373 15504 8982
1374 15528 9030
1375 15547 9010
1376 15827 9070
1377 15596 9036
1378 15616 9090
1379 15636 9060
1380 15659 9105
1381 15683 9086
1382 15747 9114
1383 15728 9109
1384 15748 9114
1385 15776 9138
1386 15833 9202
1387 15819 9165
1388 15842 9336
1389 15870 9201
1390 15920 9787
1391 15980 9233
1392 15934 9268
1393 15957 9254
1394 16198 9357
1395 16004 9332
1396 16022 9324
1397 16124 9312
1398 16073 9338
1399 16092 9316
1400 16152 9365
1401 16153 9369
1402 16164 9410
1403 16190 9399
1404 16206 9430
1405 16233 9433
1406 16389 9541
1407 16281 9457
1408 16299 9480
1409 16328 9492
1410 16348 9511
1411 16387 9513
1412 16393 9659
1413 16419 9503
1414 16711 9726
1415 16460 9534
1416 16487 9623
1417 16515 9607
1418 16791 9618
1419 16570 9637
1420 16577 9636
1421 16605 9669
1422 16629 9674
1423 16647 9717
1424 16896 9700
1425 16700 9714
1426 16723 9723
1427 16779 10324
1428 16765 9741
1429 16793 9740
1430 16818 9810
1431 16852 9773
1432 16858 9819
1433 16891 9820
1434 16911 9820
1435 16927 9846
1436 16957 9835
1437 16981 10525
1438 17005 9866
1439 17031 9899
1440 17076 9877
1441 17339 9928
1442 17099 9913
1443 17120 9951
1444 17144 9933
1445 17171 8994
1446 17193 8507
1447 17465 8063
1448 17237 7772
1449 17265 7796
1450 17287 7810
1451 17304 7817
1452 17331 7847
1453 17359 7837
1454 17386 7845
1455 17399 7850
1456 17426 7889
1457 17455 7878
1458 17478 7889
1459 17554 7903
1460 17523 8144
1461 17549 7922
1462 17578 7924
1463 17590 7964
1464 17617 8304
1465 17648 7958
1466 17668 7974
1467 17708 7987
1468 17715 7991
1469 17743 8002
1470 17768 8050
1471 17806 8017
1472 17868 8042
1473 17959 8151
1474 17986 8159
1475 18415 8157
1476 18357 8333
1477 18007 8123
1478 17961 8114
1479 17978 8102
1480 18050 8122
1481 18124 8418
1482 18098 8161
1483 18619 8591
1484 18178 8177
1485 18389 8189
1486 18274 8193
1487 18445 8184
1488 18205 8182
1489 18228 8208
1490 19665 8532
1491 18408 8277
1492 18968 8519
1493 18820 8279
1494 18508 8310
1495 18545 8312
1496 19112 8564
1497 19102 8589
1498 18751 8371
1499 18514 8326
1500 18496 8329
1501 18556 8469
1502 18545 8352
1503 18568 8355
1504 18594 8378
1505 19376 8792
1506 18992 8597
1507 19071 8468
1508 19205 8501
1509 19035 8709
1510 19077 8729
1511 19117 8475
1512 19241 8504
1513 19257 8670
1514 19191 8884
1515 19397 8720
1516 19438 8637
1517 19678 8925
1518 19285 8774
1519 19392 8924
1520 19663 8680
1521 19591 9119
1522 19295 8881
1523 19266 8643
1524 19868 8964
1525 19409 8692
1526 20257 9067
1527 19239 8658
1528 19263 8638
1529 19310 8696
1530 19376 8694
1531 19353 8801
1532 19384 8735
1533 19333 8722
1534 19436 8976
1535 19551 8940
1536 19481 8719
1537 19509 8753
1538 19523 8769
1539 19555 8795
1540 19630 8905
1541 19567 8847
1542 19639 8819
1543 19637 8792
1544 19662 8813
1545 19730 8865
1546 19724 8836
1547 20227 8892
1548 19716 8853
1549 20048 8892
1550 19802 8928
1551 19780 8875
1552 19796 8885
1553 19824 8964
1554 19868 8976
1555 19929 8931
1556 20135 9004
1557 19986 9213
1558 20006 8959
1559 20083 8980
1560 20017 8968
1561 20150 8994
1562 20072 9009
1563 20094 9025
1564 20104 9033
1565 20132 9043
1566 20360 9064
1567 20180 9180
1568 20723 9214
1569 20575 9272
1570 20648 9215
1571 20886 9281
1572 20618 9233
1573 20749 9250
1574 20710 9231
1575 20763 9260
1576 20875 9272
1577 20720 9370
1578 20842 9371
1579 20867 9365
1580 20862 9429
1581 20874 9419
1582 20874 9524
1583 20906 9513
1584 20893 9534
1585 20953 9561
1586 21161 9512
1587 21462 9453
1588 21053 9376
1589 20847 9388
1590 20817 9388
1591 21266 9419
1592 20901 9364
1593 20909 9400
1594 20972 9415
1595 20980 9495
1596 21025 9455
1597 21432 9646
1598 21443 9645
1599 21046 9499
1600 21278 9473
1601 21081 9454
1602 21439 9483
1603 21716 9847
1604 22028 9728
1605 22300 9720
1606 22531 9970
1607 22086 10055
1608 22158 9929
1609 21333 9585
1610 21358 9587
1611 21422 9616
1612 21425 9615
1613 21418 9653
1614 21442 9617
1615 21450 9652
1616 21486 9611
1617 21492 9663
1618 21517 9648
1619 21576 9686
1620 21567 9693
1621 21604 9711
1622 21620 9716
1623 21645 9746
1624 21714 9724
1625 22081 9755
1626 21731 9743
1627 21768 9798
1628 21777 9767
1629 21804 9808
1630 21835 9805
1631 21857 9808
1632 21887 9794
1633 21911 10124
1634 21938 9839
1635 21962 9871
1636 21995 9856
1637 22029 9887
1638 22057 9883
1639 22068 9907
1640 22104 9892
1641 22127 9937
1642 22157 9924
1643 22181 9956
1644 22246 9961
1645 22239 9977
1646 22266 9979
1647 22557 9994
1648 22319 9988
1649 22384 10042
1650 22369 10028
1651 22416 10047
1652 22459 10050
1653 22454 10071
1654 22483 10067
1655 22501 10085
1656 22779 10080
1657 22559 10117
1658 22588 10119
1659 22629 10149
1660 22643 10141
1661 22789 10150
1662 23292 10220
1663 22772 10206
1664 23544 10701
1665 23733 10552
1666 23745 10768
1667 24081 10524
1668 23704 10718
1669 23958 10856
1670 23884 10700
1671 23835 10664
1672 24096 10856
1673 24122 10866
1674 23929 10433
1675 23053 10345
1676 23085 10320
1677 23115 10364
1678 23323 10423
1679 23688 10468
1680 23206 10356
1681 23215 10413
1682 23242 10476
1683 23370 10437
1684 23302 10447
1685 23332 10463
1686 23359 10467
1687 23667 10474
1688 23414 10480
1689 24594 10993
1690 23839 10534
1691 23695 10540
1692 23523 10540
1693 23554 10562
1694 23580 10570
1695 23652 10609
1696 23688 10571
1697 23702 10602
1698 23731 10613
1699 23734 10628
1700 23763 10668
1701 24306 10911
1702 23938 10677
1703 23890 10680
1704 24400 10958
1705 24373 10743
1706 23974 10728
1707 24020 10780
1708 24415 10912
1709 24421 10903
1710 24346 11380
1711 24538 10869
1712 24329 11002
1713 24166 11176
1714 24146 10836
1715 24164 10820
1716 24200 10857
1717 24286 10857
1718 24573 11140
1719 24275 10872
1720 24324 10899
1721 24655 10925
1722 24471 10938
1723 24462 10921
1724 24419 10968
1725 24744 10974
1726 24822 11118
1727 24731 10994
1728 24635 11000
1729 24640 11273
1730 24966 11051
1731 25262 11107
1732 25030 11216
1733 25061 11441
1734 25274 11128
1735 25250 11236
1736 25189 11382
1737 25453 11301
1738 25220 11154
1739 25163 11508
1740 42912 16141
1741 30212 12637
1742 25696 11291
1743 25376 11444
1744 25599 11461
1745 25644 11447
1746 25679 11357
1747 25071 11235
1748 25104 11252
1749 25137 11246
1750 25170 11272
1751 25180 11265
1752 25217 11287
1753 25504 11297
1754 25279 11332
1755 25303 11330
1756 25331 11360
1757 25366 11373
1758 25543 11477
1759 25433 11371
1760 26116 11393
1761 25743 11404
1762 25514 11437
1763 25551 11436
1764 25569 11455
1765 25603 11471
1766 25648 11478
1767 25645 11486
1768 25676 11479
1769 26014 11519
1770 25778 11545
1771 26175 11674
1772 25806 11526
1773 25829 11545
1774 25949 11605
1775 26413 11657
1776 26013 11580
1777 26006 11640
1778 25979 11606
1779 26001 11610
1780 26042 11617
1781 26062 11630
1782 26171 11660
1783 26123 11643
1784 26151 11648
1785 26175 11682
1786 26209 11700
1787 26239 11713
1788 26267 11779
1789 26349 11760
1790 26379 11795
1791 26408 11818
1792 26418 12275
1793 27531 12135
1794 26495 11845
1795 26547 11879
1796 27260 12067
1797 26884 11905
1798 26576 11876
1799 26590 11876
1800 26836 11886
1801 26646 11914
1802 26757 11967
1803 27042 12042
1804 27292 12056
1805 26769 11968
1806 26799 11973
1807 26827 11982
1808 27007 12423
1809 27451 12979
1810 28696 12443
1811 27081 12077
1812 28650 12463
1813 28911 12555
1814 27630 12110
1815 27668 12217
1816 27680 12172
1817 27821 12413
1818 27883 12392
1819 27705 12438
1820 27284 12166
1821 27295 12178
1822 27332 12353
1823 27787 12189
1824 27344 12190
1825 27402 12221
1826 27700 12254
1827 27466 12287
1828 27542 12261
1829 27486 12278
1830 27747 12294
1831 27556 12296
1832 27567 12301
1833 27618 12539
1834 27658 12377
1835 28054 12570
1836 28329 12626
1837 28356 12675
1838 28452 12670
1839 28190 12675
1840 27860 12446
1841 28218 12456
1842 28421 12828
1843 28400 12707
1844 28027 12519
1845 28371 12548
1846 28300 12589
1847 28076 12512
1848 28097 12541
1849 28132 12555
1850 28113 12587
1851 28187 12584
1852 28490 12690
1853 28246 12607
1854 28236 12615
1855 28394 12625
1856 28295 12627
1857 28722 12675
1858 28362 12667
1859 28707 12689
1860 28430 12695
1861 28517 12723
1862 29288 13146
1863 29113 12998
1864 28945 12980
1865 28685 12759
1866 28862 12803
1867 28774 12828
1868 29030 13019
1869 28796 12869
1870 28779 12825
1871 28817 12805
1872 28785 12810
1873 29157 12841
1874 29372 13003
1875 31312 13558
1876 29698 13281
1877 29451 12892
1878 28991 12893
1879 29096 12941
1880 29265 12975
1881 29671 13537
1882 29097 12958
1883 29379 13123
1884 29158 13035
1885 29325 13000
1886 29220 13079
1887 29556 13084
1888 29327 13105
1889 29468 13133
1890 30272 13462
1891 29989 13197
1892 29494 13161
1893 29525 13174
1894 29802 13643
1895 29761 13298
1896 29560 13212
1897 29913 13222
1898 29592 13219
1899 29720 13218
1900 29650 13188
1901 29859 13282
1902 29840 13289
1903 30238 13257
1904 30204 13266
1905 30097 13311
1906 30008 13341
1907 30127 13381
1908 30732 13418
1909 30148 13415
1910 30093 13420
1911 30195 13513
1912 30078 13383
1913 30173 13465
1914 30109 13661
1915 30272 13444
1916 30155 13448
1917 31119 14105
1918 31002 13949
1919 31643 14287
1920 31096 13902
1921 31476 14522
1922 31661 14070
1923 31196 13905
1924 31076 13898
1925 31255 13877
1926 31012 13694
1927 31266 13962
1928 48407 22147
1929 38348 15682
1930 30709 13696
1931 30765 13717
1932 30661 13751
1933 30829 13771
1934 31392 13790
1935 30907 13789
1936 30803 13789
1937 30959 13786
1938 30852 13740
1939 31026 13794
1940 31191 13719
1941 31138 13735
1942 30983 13750
1943 31404 13772
1944 31034 13761
1945 31223 13784
1946 31145 13802
1947 31869 13818
1948 31282 13864
1949 31663 13880
1950 31233 13843
1951 31442 13850
1952 31764 13862
1953 31540 13893
1954 31359 13927
1955 31556 13928
1956 31427 14197
1957 31615 13959
1958 31487 14199
1959 31685 13968
1960 31857 13975
1961 31753 14003
1962 31627 14021
1963 31817 14039
1964 31685 14047
1965 31886 14066
1966 31747 14125
1967 31952 14130
1968 32297 14464
1969 32370 14218
1970 31984 14289
1971 32483 14302
1972 32087 14271
1973 32603 14291
1974 32005 14293
1975 32228 14323
1976 32157 14635
1977 32377 14323
1978 32143 14352
1979 32356 14339
1980 32200 14345
1981 32418 14365
1982 32285 14378
1983 32483 14387
1984 34166 14716
1985 32793 14607
1986 32398 14507
1987 32620 14451
1988 32521 14460
1989 32687 14476
1990 32794 14488
1991 32760 14495
1992 32585 14523
1993 33463 14856
1994 33998 14953
1995 33395 14905
1996 33345 14855
1997 33575 14946
1998 33875 15041
1999 34026 15308
2000 34156 15447
2001 33776 15050
2002 33534 15184
2003 33961 15062
2004 33605 15022
2005 34105 15110
2006 33899 15019
2007 34184 15097
2008 33793 15236
2009 34342 14932
2010 34268 15028
2011 34285 15013
2012 33371 14800
2013 33501 14756
2014 34332 16102
2015 34953 15420
2016 34468 15371
2017 34746 14975
2018 33662 15020
2019 33762 14870
2020 33655 15415
2021 33850 14907
2022 33683 14979
2023 33937 15059
2024 33733 15294
2025 33924 15028
2026 33803 15338
2027 34086 15091
2028 33775 15080
2029 34047 15092
2030 33842 15103
2031 34344 15566
2032 34624 16341
2033 35344 15817
2034 35400 15481
2035 34884 15735
2036 34805 15430
2037 35038 15512
2038 34868 15540
2039 35058 15617
2040 35566 15499
2041 35083 15607
2042 35066 15639
2043 35413 15568
2044 35054 15413
2045 34599 15780
2046 34388 15340
2047 34667 15344
2048 34626 15350
2049 34812 15385
2050 34750 15414
2051 34809 15422
2052 34582 15396
2053 34871 15426
2054 34682 15436
2055 34968 15446
2056 35263 15774
2057 36330 16044
2058 35467 15828
2059 35766 15799
2060 35488 15837
2061 35892 15729
2062 35523 15762
2063 35881 15860
2064 35599 15864
2065 35963 15839
2066 35687 15925
2067 35989 15861
2068 35125 15647
2069 35584 15666
2070 35218 15673
2071 35566 15683
2072 35259 15685
2073 35793 15723
2074 35327 15739
2075 35641 15758
2076 35399 15765
2077 35958 15788
2078 35458 15795
2079 35878 15804
2080 36540 15862
2081 35879 15896
2082 35630 15823
2083 35926 15836
2084 35813 15811
2085 36074 15807
2086 35834 15886
2087 36069 15828
2088 35946 15886
2089 36189 15877
2090 36028 15997
2091 36199 15908
2092 35943 15918
2093 36261 15933
2094 36251 15943
2095 36584 15953
2096 36298 15973
2097 36382 15986
2098 36147 16006
2099 36481 16027
2100 36230 16036
2101 36519 16049
2102 36284 16060
2103 37450 16323
2104 36925 16355
2105 37329 16626
2106 37069 16455
2107 37516 16482
2108 37248 16439
2109 37392 16526
2110 37411 16497
2111 37654 16500
2112 37482 16500
2113 37733 16593
2114 36703 16316
2115 37019 16326
2116 36780 16582
2117 37060 16355
2118 37068 16370
2119 37126 16378
2120 36904 16382
2121 37189 16575
2122 37026 16431
2123 37260 16415
2124 37043 16432
2125 37365 16537
2126 37154 16446
2127 37423 16508
2128 37177 16458
2129 37734 16513
2130 37572 16528
2131 37539 16580
2132 37903 16606
2133 37661 16641
2134 37386 16631
2135 37675 16641
2136 37461 16639
2137 37767 16675
2138 37542 16758
2139 37844 16715
2140 37805 16745
2141 37872 16749
2142 37676 16752
2143 37978 16762
2144 37764 16770
2145 38005 17023
2146 37820 16827
2147 38081 16842
2148 37881 16849
2149 38410 16874
2150 37947 16886
2151 38237 16905
2152 38022 16894
2153 38277 16895
2154 38123 16906
2155 38380 16946
2156 38391 16960
2157 39221 17691
2158 38246 17233
2159 38487 17020
2160 38309 17010
2161 38561 17063
2162 38382 17086
2163 38640 17086
2164 38452 17077
2165 38956 17087
2166 39405 17489
2167 39347 17396
2168 39294 17359
2169 39009 17335
2170 38818 17287
2171 38984 17191
2172 39009 17272
2173 39559 17317
2174 41557 18241
2175 39924 17536
2176 38937 17191
2177 39467 17312
2178 40619 17526
2179 39753 17428
2180 39707 17435
2181 39436 17300
2182 39094 17486
2183 39345 17299
2184 39160 17306
2185 39388 17364
2186 39744 17618
2187 40171 17758
2188 40170 17766
2189 40452 17755
2190 40335 17722
2191 40576 17746
2192 40303 17861
2193 40430 17854
2194 40095 17863
2195 40282 17814
2196 40205 17834
2197 40190 17527
2198 39673 17535
2199 39915 17570
2200 39803 17549
2201 39985 17609
2202 39815 17607
2203 40131 17626
2204 39885 17623
2205 40099 17668
2206 39967 17849
2207 40169 17668
2208 40260 17672
2209 40853 17710
2210 40106 17721
2211 40387 17775
2212 40175 17837
2213 40450 17787
2214 40254 17865
2215 40281 17787
2216 40338 17884
2217 40575 17869
2218 40631 17938
2219 41169 18365
2220 40510 17958
2221 40518 17903
2222 40559 18005
2223 41058 17932
2224 40612 18012
2225 40643 17962
2226 40698 18067
2227 40725 17999
2228 41014 18102
2229 42125 18039
2230 40837 18122
2231 40897 18078
2232 40923 18144
2233 41168 18116
2234 40998 18206
2235 41381 18149
2236 41075 18257
2237 41099 18173
2238 41362 18256
2239 41647 18247
2240 41263 18276
2241 41562 18236
2242 41293 18334
2243 41649 18285
2244 41585 18365
2245 41376 18377
2246 41430 18370
2247 41447 18400
2248 41727 18381
2249 41998 18480
2250 41569 18454
2251 41622 18638
2252 41643 18474
2253 41947 18509
2254 41721 18503
2255 41745 18506
2256 41807 18769
2257 41872 18517
2258 42089 18562
2259 41909 18606
2260 41943 18589
2261 42191 18650
2262 42020 18622
2263 42069 18648
2264 42083 18864
2265 42114 18689
2266 42413 18707
2267 42194 18731
2268 42240 19189
2269 42278 18755
2270 42637 18763
2271 42593 18783
2272 42383 18927
2273 42412 18822
2274 42456 18831
2275 42494 18878
2276 42905 18870
2277 42716 18945
2278 43154 18897
2279 42687 18900
2280 42680 18912
2281 42724 18940
2282 43123 19156
2283 42794 19035
2284 42830 18916
2285 42866 19092
2286 42906 18949
2287 42942 19080
2288 42995 18965
2289 43016 19128
2290 43249 19054
2291 43095 19112
2292 43137 19071
2293 43159 19139
2294 43231 19117
2295 43253 19158
2296 43273 19348
2297 43886 19202
2298 43364 19175
2299 43402 19238
2300 43459 19213
2301 43701 19284
2302 43502 19233
2303 43549 19278
2304 43804 19250
2305 43615 19323
2306 43663 19797
2307 43697 19359
2308 43753 19354
2309 44013 19385
2310 43821 19602
2311 43848 19402
2312 43886 19379
2313 44185 19489
2314 43962 19434
2315 44246 19629
2316 44044 19471
2317 44072 19569
2318 44164 19503
2319 44151 19507
2320 44208 19561
2321 44223 19559
2322 44417 19631
2323 44434 19604
2324 44344 19858
2325 44850 19641
2326 44474 19671
2327 44471 19657
2328 44493 19663
2329 44798 19703
2330 44573 19727
2331 44658 19745
2332 44870 19742
2333 44690 19774
2334 45568 19786
2335 44796 19791
2336 44806 19787
2337 44853 19842
2338 45131 19947
2339 44917 19881
2340 44954 19876
2341 45222 19915
2342 45035 19910
2343 45489 19981
2344 45093 19923
2345 45159 19994
2346 45189 19975
2347 45484 20075
2348 45265 19963
2349 45296 20083
2350 45488 20061
2351 45374 20110
2352 45887 20087
2353 45450 20194
2354 45585 20066
2355 45550 20157
2356 45818 20133
2357 45607 20196
2358 45644 20155
2359 45812 20230
2360 45720 20178
2361 46089 20259
2362 45863 20242
2363 45861 20259
2364 45886 20267
2365 46163 20312
2366 45960 20296
2367 45993 20311
2368 46084 20309
2369 46072 20354
2370 47173 20406
2371 46175 20397
2372 46219 20387
2373 46250 20426
2374 46579 20443
2375 46307 20441
2376 46358 20425
2377 46589 20474
2378 46421 20717
2379 46931 20472
2380 46555 20496
2381 46560 20545
2382 46585 20517
2383 46713 20523
2384 46661 20528
2385 46694 20636
2386 46759 20602
2387 47020 20671
2388 46827 20658
2389 46849 20706
2390 47132 20660
2391 46931 20728
2392 46970 20670
2393 47009 20782
2394 47062 20732
2395 47090 21487
2396 47375 21275
2397 47170 20858
2398 47228 20832
2399 47461 20848
2400 47469 20982
2401 47323 20897
2402 47373 20881
2403 47439 20950
2404 47452 20911
2405 48423 20973
2406 47524 21050
2407 47582 20984
2408 47617 20955
2409 47884 21037
2410 47675 21027
2411 47727 21099
2412 47767 21055
2413 48049 21133
2414 47861 21097
2415 47881 21146
2416 48171 21108
2417 47968 21370
2418 48000 21155
2419 48042 21198
2420 48081 21433
2421 48114 21232
2422 48707 21215
2423 48251 21255
2424 48283 21249
2425 48272 21300
2426 48567 21281
2427 48358 21341
2428 48408 21312
2429 48502 21387
2430 48704 21342
2431 48533 21394
2432 48549 21347
2433 48860 21439
2434 48646 21686
2435 48675 21504
2436 48715 21443
2437 48749 21768
2438 48809 21472
2439 49527 21485
2440 48868 21526
2441 48934 21562
2442 49004 21562
2443 49004 21599
2444 49034 21584
2445 49091 21630
2446 49137 21622
2447 49389 22043
2448 49191 21637
2449 49272 21658
2450 49298 21989
2451 49573 21710
2452 49356 21760
2453 49393 21750
2454 49715 21789
2455 49598 21860
2456 49534 21805
2457 49547 21820
2458 49710 21864
2459 49660 22082
2460 49691 21895
2461 49714 21883
2462 50032 21935
2463 49815 21896
2464 50758 22182
2465 50260 21947
2466 52251 23361
2467 50185 21996
2468 50024 22034
2469 50034 22017
2470 50150 22266
2471 50123 22033
2472 51760 22119
2473 50218 22081
2474 50294 22151
2475 50287 22117
2476 50348 22128
2477 50403 22149
2478 50460 22167
2479 50454 22172
2480 50965 22183
2481 50534 22216
2482 50642 22287
2483 50618 22309
2484 50753 22359
2485 50687 22336
2486 50812 22390
2487 50778 22383
2488 51702 22478
2489 50889 22416
2490 50998 22497
2491 50959 22456
2492 51119 22505
2493 51015 22492
2494 51156 22546
2495 51096 22516
2496 52167 22617
2497 51268 22563
2498 51336 22616
2499 51271 22592
2500 51376 22643
2501 51338 22624
2502 51484 22682
2503 51425 22644
2504 52465 23066
2505 51683 23023
2506 51650 22767
2507 51615 22715
2508 51639 22769
2509 51672 22734
2510 52134 22814
2511 51754 22755
2512 54322 23152
2513 51857 22834
2514 53266 23531
2515 51945 22876
2516 54653 24992
2517 54299 24019
2518 54527 23296
2519 55553 24670
2520 54189 22980
2521 56139 23864
2522 55894 23413
2523 52527 23037
2524 52525 23048
2525 52352 23070
2526 52471 23076
2527 52740 24813
2528 52458 23008
2529 52572 23645
2530 52655 23068
2531 52703 23180
2532 52627 23099
2533 53096 23209
2534 52818 23145
2535 54493 23797
2536 52943 23160
2537 52915 23437
2538 54227 23271
2539 52957 23340
2540 52964 23282
2541 53788 23579
2542 53351 23732
2543 55315 23488
2544 53122 23408
2545 53548 23444
2546 53346 23382
2547 53613 23452
2548 53479 23404
2549 53555 23669
2550 53497 24296
2551 53445 23464
2552 53495 23452
2553 53747 23508
2554 53707 23610
2555 53594 23550
2556 54144 23647
2557 53894 23630
2558 54573 23597
2559 53747 23667
2560 54033 23697
2561 53831 23685
2562 54189 23670
2563 54000 23829
2564 54069 23706
2565 54022 24095
2566 54181 23745
2567 54101 23818
2568 54207 24070
2569 54174 23819
2570 54345 23834
2571 54365 23801
2572 54584 23905
2573 55424 23916
2574 54531 24244
2575 54511 23980
2576 54696 23892
2577 54509 23946
2578 54700 23958
2579 54863 24007
2580 54650 24022
2581 54683 24037
2582 54895 24052
2583 54978 24703
2584 54806 24062
2585 54837 24101
2586 55145 24145
2587 55165 24148
2588 55332 24197
2589 55045 24187
2590 55426 24374
2591 55318 24357
2592 55146 24200
2593 55189 24283
2594 55555 24264
2595 55285 24622
2596 55328 24302
2597 55385 24414
2598 55662 24419
2599 55442 24351
2600 55480 24336
2601 56340 24552
2602 55959 24386
2603 55659 24414
2604 55662 24433
2605 55867 24441
2606 55944 24476
2607 55790 24460
2608 55841 24574
2609 55953 24769
2610 56781 24591
2611 55980 24597
2612 56090 24676
2613 56310 24647
2614 56255 24623
2615 56126 24671
2616 56344 24655
2617 56396 25061
2618 56434 24744
2619 56320 24806
2620 56560 24736
2621 56401 24775
2622 56600 24800
2623 56553 24866
2624 56634 24821
2625 56617 24828
2626 56773 24906
2627 56822 24892
2628 56691 24918
2629 56729 24914
2630 57060 24974
2631 57070 24933
2632 57515 24975
2633 57063 25079
2634 57301 25185
2635 57045 25022
2636 57043 25126
2637 57085 25128
2638 57592 25268
2639 57794 25092
2640 57229 25167
2641 57511 25256
2642 57502 25184
2643 57336 25179
2644 57394 25210
2645 57507 25400
2646 58079 25236
2647 57516 25234
2648 57633 25337
2649 57992 25309
2650 58167 25324
2651 57687 25350
2652 57899 25346
2653 58175 25974
2654 58065 25381
2655 57943 25399
2656 58197 25403
2657 57937 25440
2658 58199 25471
2659 58200 25487
2660 58079 26100
2661 58115 25519
2662 58388 25606
2663 58488 25562
2664 58244 25525
2665 58286 25628
2666 59506 25624
2667 58395 26061
2668 58457 25608
2669 58518 25726
2670 58950 25658
2671 58548 25660
2672 58590 25773
2673 58851 25757
2674 59096 26179
2675 58750 25810
2676 58822 25911
2677 59135 25863
2678 59107 25856
2679 58907 25899
2680 59134 25865
2681 59573 27001
2682 59265 25934
2683 59086 26120
2684 59467 25999
2685 59174 26220
2686 59462 25989
2687 59559 26177
2688 59830 26021
2689 59394 26095
2690 59709 26154
2691 59673 26136
2692 59475 26096
2693 59539 26168
2694 60058 26376
2695 60197 26208
2696 59682 26145
2697 59873 26348
2698 59995 26238
2699 59791 26336
2700 59916 26222
2701 60145 26416
2702 61641 26274
2703 59966 26431
2704 60555 26256
2705 60396 26417
2706 60345 26306
2707 60142 26639
2708 60374 26383
2709 60238 26511
2710 60519 26438
2711 60428 26799
2712 60365 26429
2713 60405 26578
2714 60879 26569
2715 60504 26985
2716 60614 26507
2717 60669 26655
2718 61134 26562
2719 60676 26684
2720 60729 26579
2721 61021 26604
2722 61896 27141
2723 60928 26660
2724 60992 26796
2725 61017 27179
2726 61245 26740
2727 61052 26715
2728 61400 26761
2729 61690 27221
2730 61462 26852
2731 61528 26803
2732 61286 26882
2733 61297 26823
2734 61679 27100
2735 61652 26857
2736 61436 26933
2737 61517 26905
2738 61840 27028
2739 61599 26976
2740 61625 27034
2741 61923 27007
2742 62886 27170
2743 61747 27035
2744 61795 27231
2745 61883 27097
2746 62193 27131
2747 61961 27142
2748 62251 27167
2749 62024 27173
2750 62341 27204
2751 62385 27390
2752 62164 27211
2753 62200 27248
2754 62712 27360
2755 62303 28242
2756 62375 27311
2757 62392 27337
2758 62988 27365
2759 62467 27357
2760 62584 27361
2761 63413 27663
2762 63160 27385
2763 62656 27460
2764 62957 27440
2765 62765 27495
2766 63072 27462
2767 62855 27845
2768 62880 27869
2769 62925 27581
2770 63319 27598
2771 63290 27615
2772 63066 27603
2773 63151 27651
2774 63583 27896
2775 63951 27660
2776 63258 27682
2777 63682 27698
2778 63649 27758
2779 63391 27747
2780 63431 28121
2781 63485 28569
2782 63852 27810
2783 63618 27805
2784 63869 27847
2785 63653 27850
2786 64019 27900
2787 64106 27904
2788 63805 27931
2789 64099 27944
2790 64521 28216
2791 63928 27953
2792 63978 27986
2793 64363 28004
2794 65051 28084
2795 64125 28047
2796 64162 28345
2797 64228 28103
2798 64574 28148
2799 64297 28108
2800 64607 28155
2801 64386 28190
2802 64753 28259
2803 64777 28225
2804 64531 28238
2805 64593 28580
2806 65285 28527
2807 65560 28275
2808 64711 28323
2809 65115 28324
2810 65128 28353
2811 64853 28363
2812 65158 28616
2813 65126 28396
2814 65309 28436
2815 65050 28683
2816 65160 28440
2817 65122 28472
2818 65516 28515
2819 65473 28534
2820 65299 28580
2821 65333 28563
2822 66103 28576
2823 65402 28592
2824 66153 28636
2825 65800 28688
2826 65904 28655
2827 65602 28764
2828 65958 28926
2829 65686 28783
2830 66130 28717
2831 66098 28721
2832 66997 28800
2833 65885 28842
2834 66591 28877
2835 65964 28852
2836 66011 28911
2837 66289 28967
2838 67517 28982
2839 66147 28922
2840 66196 29250
2841 66249 28966
2842 66630 29012
2843 66338 29252
2844 66642 29527
2845 66424 29054
2846 66825 29083
2847 66815 29089
2848 66569 29108
2849 66630 29130
2850 67290 29329
2851 66804 29181
2852 66756 29215
2853 67045 29222
2854 67206 29456
2855 66892 29244
2856 67193 29253
2857 66991 29272
2858 67409 29335
2859 67441 29309
2860 67529 29374
2861 67206 29345
2862 67675 29643
2863 68034 29403
2864 67318 29426
2865 67707 29731
2866 67773 29476
2867 67461 29525
2868 67832 29777
2869 67556 29554
2870 67982 29543
2871 67993 29849
2872 67733 29559
2873 67764 29637
2874 68505 29868
2875 67838 29685
2876 67895 29663
2877 68280 29955
2878 68337 29700
2879 68022 29751
2880 68409 29716
2881 68157 29826
2882 68568 29790
2883 68524 29861
2884 68280 29822
2885 68320 29894
2886 69081 29992
2887 69222 31110
2888 68496 32144
2889 69148 28298
2890 68917 27042
2891 68598 26092
2892 68732 25692
2893 69182 24769
2894 69139 24150
2895 69227 23707
2896 68835 23429
2897 68884 23514
2898 69670 23478
2899 69569 23561
2900 69021 23520
2901 69330 23701
2902 69511 23561
2903 69161 23630
2904 69211 24541
2905 69666 23667
2906 69696 23604
2907 69637 23880
2908 69581 23622
2909 69442 23688
2910 69897 23645
2911 70526 24003
2912 69624 23663
2913 69640 23745
2914 70388 23751
2915 69739 23785
2916 69781 23788
2917 70081 24705
2918 70725 23871
2919 69917 23881
2920 70244 23826
2921 70025 23858
2922 70467 23970
2923 70370 24467
2924 70282 23879
2925 70324 23905
2926 70922 23899
2927 70417 23923
2928 70373 23900
2929 70739 24114
2930 71021 23989
2931 70510 24033
2932 70910 24019
2933 70651 24198
2934 71878 24364
2935 71004 24460
2936 71101 24106
2937 71596 24886
2938 72185 24203
2939 71467 24455
2940 73191 24491
2941 71257 24643
2942 71438 24162
2943 72462 24723
2944 72842 24330
2945 72062 24723
2946 72963 24649
2947 72866 24938
2948 74068 25356
2949 72694 25198
2950 76398 25639
2951 74249 25459
2952 74040 24943
2953 74671 24962
2954 73268 24735
2955 73693 25833
2956 72681 24409
2957 73335 24458
2958 72403 24430
2959 75885 25607
2960 72241 24529
2961 73183 24622
2962 73172 24838
2963 73512 25188
2964 74063 24836
2965 73678 25090
2966 73836 25102
2967 74122 24945
2968 73757 25086
2969 72680 24623
2970 72809 24885
2971 72516 24652
2972 72671 24644
2973 72637 24931
2974 72908 24667
2975 72635 24664
2976 73340 25043
2977 73092 25184
2978 73249 24827
2979 73295 24849
2980 73053 24909
2981 72924 24836
2982 77967 26288
2983 76058 25546
2984 73864 25808
2985 73403 24969
2986 73642 24932
2987 74001 25289
2988 77226 26246
2989 74823 25131
2990 74018 25054
2991 75012 25590
2992 73569 25090
2993 76925 25902
2994 74509 25151
2995 73845 25109
2996 74050 25375
2997 73703 25105
2998 74080 25121
2999 73932 25745
