1 3 3
2 2 2
3 1 2
4 1 2
5 2 2
6 2 3
7 2 3
8 3 3
9 3 3
10 4 4
11 5 5
12 5 6
13 5 6
14 5 6
15 6 6
16 6 7
17 8 8
18 8 9
19 8 9
20 10 10
21 10 11
22 12 12
23 12 13
24 13 14
25 14 15
26 13 15
27 15 16
28 16 17
29 18 18
30 19 20
31 21 21
32 21 21
33 22 23
34 24 24
35 25 26
36 26 27
37 27 37
38 27 28
39 30 39
40 29 41
41 33 34
42 34 35
43 35 37
44 43 39
45 46 37
46 41 42
47 42 43
48 44 45
49 46 46
50 47 48
51 49 50
52 51 81
53 53 54
54 54 55
55 57 57
56 58 59
57 60 61
58 62 63
59 64 65
60 66 67
61 68 69
62 71 72
63 72 73
64 75 76
65 77 78
66 79 81
67 81 82
68 84 85
69 86 87
70 88 90
71 110 87
72 88 90
73 90 91
74 92 94
75 96 97
76 97 98
77 99 101
78 103 104
79 105 106
80 108 109
81 110 111
82 112 113
83 115 116
84 125 120
85 120 122
86 123 124
87 126 127
88 129 130
89 132 133
90 134 136
91 138 139
92 141 142
93 143 144
94 171 147
95 150 150
96 152 154
97 156 157
98 159 159
99 163 164
100 165 166
101 174 170
102 187 163
103 165 166
104 169 169
105 171 173
106 175 176
107 178 179
108 180 183
109 184 185
110 188 189
111 191 193
112 207 196
113 198 199
114 202 203
115 215 206
116 209 230
117 212 213
118 215 215
119 219 219
120 222 223
121 226 227
122 230 240
123 221 222
124 224 225
125 228 229
126 231 232
127 235 236
128 242 240
129 242 244
130 246 247
131 250 250
132 254 255
133 257 263
134 260 262
135 265 266
136 269 270
137 272 274
138 277 284
139 266 267
140 270 271
141 274 275
142 277 278
143 284 283
144 285 286
145 289 291
146 293 294
147 297 298
148 301 303
149 304 306
150 309 311
151 313 314
152 323 303
153 306 306
154 309 311
155 314 315
156 318 322
157 321 322
158 326 327
159 329 331
160 333 338
161 338 340
162 342 343
163 346 348
164 349 351
165 339 340
166 342 343
167 346 348
168 353 352
169 354 356
170 358 361
171 363 365
172 367 369
173 371 373
174 375 388
175 379 394
176 367 369
177 370 373
178 375 378
179 381 382
180 383 386
181 388 390
182 392 398
183 396 398
184 401 403
185 404 407
186 391 394
187 395 398
188 400 403
189 406 406
190 409 412
191 412 415
192 417 422
193 421 424
194 427 430
195 431 442
196 418 421
197 423 426
198 425 452
199 436 453
200 401 448
201 453 446
202 442 445
203 446 459
204 450 462
205 437 441
206 442 445
207 445 451
208 450 470
209 455 456
210 442 448
211 446 449
212 467 503
213 492 458
214 458 462
215 464 466
216 469 470
217 472 475
218 476 479
219 480 483
220 485 487
221 489 491
222 475 478
223 479 482
224 483 489
225 488 491
226 492 495
227 498 500
228 501 504
229 505 508
230 492 495
231 496 499
232 500 505
233 505 507
234 509 512
235 515 516
236 518 521
237 522 528
238 508 511
239 513 516
240 519 520
241 520 524
242 526 529
243 531 533
244 535 537
245 548 524
246 525 528
247 529 533
248 534 537
249 538 541
250 543 545
251 547 550
252 551 555
253 538 541
254 542 545
255 548 549
256 551 554
257 555 560
258 560 562
259 563 567
260 567 570
261 572 575
262 596 579
263 581 584
264 584 589
265 589 593
266 608 601
267 598 602
268 602 606
269 607 610
270 611 615
271 618 619
272 638 623
273 627 628
274 629 633
275 636 638
276 638 642
277 643 648
278 647 651
279 653 658
280 657 660
281 662 667
282 667 669
283 670 677
284 675 680
285 680 686
286 685 688
287 692 693
288 694 698
289 709 703
290 705 708
291 711 713
292 713 717
293 719 724
294 724 727
295 728 731
296 733 740
297 738 742
298 743 748
299 748 752
300 756 757
301 757 762
302 762 768
303 768 772
304 773 777
305 778 785
306 783 787
307 790 791
308 793 884
309 798 802
310 803 808
311 809 813
312 815 818
313 818 824
314 824 829
315 830 834
316 834 839
317 840 844
318 844 851
319 849 856
320 855 860
321 861 867
322 865 870
323 873 875
324 877 884
325 882 887
326 890 893
327 893 899
328 898 901
329 905 907
330 910 916
331 915 918
332 920 924
333 925 931
334 930 934
335 936 943
336 943 947
337 947 954
338 953 958
339 960 963
340 965 971
341 969 975
342 976 980
343 982 986
344 987 993
345 994 999
346 998 1002
347 1006 1009
348 1010 1016
349 1015 1020
350 1020 1027
351 1029 1032
352 1034 1039
353 1037 1044
354 1045 1051
355 1050 1056
356 1058 1063
357 1062 1069
358 1067 1074
359 1074 1080
360 1081 1085
361 1087 1090
362 1092 1100
363 1098 1105
364 1104 1109
365 1110 1115
366 1116 1122
367 1123 1127
368 1129 1152
369 1134 1142
370 1140 1147
371 1146 1153
372 1152 1159
373 1176 1164
374 1166 1171
375 1172 1178
376 1177 1185
377 1183 1325
378 1227 1236
379 1195 1202
380 1201 1209
381 1209 1216
382 1214 1221
383 1220 1228
384 1229 1234
385 1234 1241
386 1242 1247
387 1248 1263
388 1255 1260
389 1258 1283
390 1265 1275
391 1269 1280
392 1278 1288
393 1285 1294
394 1291 1299
395 1297 1307
396 1304 1314
397 1311 1320
398 1316 1327
399 1323 1333
400 1331 1340
401 1337 1347
402 1345 1460
403 1394 1416
404 1356 1368
405 1365 1374
406 1370 1380
407 1378 1385
408 1385 1392
409 1392 1399
410 1399 1406
411 1405 1412
412 1413 1420
413 1420 1427
414 1424 1433
415 1432 1440
416 1438 1447
417 1445 1454
418 1453 1462
419 1459 1468
420 1467 1476
421 1476 1481
422 1479 1488
423 1505 1496
424 1494 1502
425 1500 1509
426 1507 1519
427 1515 1525
428 1521 1532
429 1530 1537
430 1537 1545
431 1542 1551
432 1549 1559
433 1657 1650
434 1585 1592
435 1573 1581
436 1597 1606
437 1586 1598
438 1592 1604
439 1602 1672
440 1617 1616
441 1615 1624
442 1622 1634
443 1628 1639
444 1660 1719
445 1645 1654
446 1660 1663
447 1713 1719
448 1667 1674
449 1730 1772
450 1681 1701
451 1691 1697
452 1737 1875
453 1766 1733
454 1768 1746
455 1753 1727
456 1727 1737
457 1737 1743
458 1799 1749
459 1747 1759
460 1759 1765
461 1799 1772
462 1771 1782
463 1778 1806
464 1822 1795
465 1792 1804
466 1805 1811
467 1862 1834
468 1817 1863
469 1827 1835
470 1884 1843
471 1843 1904
472 1847 1858
473 1855 1866
474 1882 1891
475 1871 1883
476 1880 1888
477 1922 1899
478 1896 1939
479 1952 1974
480 1911 1921
481 1970 1931
482 1924 1939
483 1999 1972
484 1980 2016
485 1970 1960
486 1958 1969
487 1976 1976
488 1993 1987
489 1984 2028
490 1992 2001
491 2002 2008
492 2006 2021
493 2017 2024
494 2025 2035
495 2031 2041
496 2037 2049
497 2048 2057
498 2053 2066
499 2064 2074
500 2070 2081
501 2132 2092
502 2137 2299
503 2181 2141
504 2103 2134
505 2268 2200
506 2120 2133
507 2149 2141
508 2140 2202
509 2144 2160
510 2154 2167
511 2162 2175
512 2224 2184
513 2181 2226
514 2188 2220
515 2367 2281
516 2207 2218
517 2213 2227
518 2239 2253
519 2231 2298
520 2237 2269
521 2245 2261
522 2256 2270
523 2268 2278
524 2291 2287
525 2300 2295
526 2292 2320
527 2299 2313
528 2324 2323
529 2316 2331
530 2326 2338
531 2334 2348
532 2341 2356
533 2352 2367
534 2358 2373
535 2369 2382
536 2379 2392
537 2404 2401
538 2396 2411
539 2406 2417
540 2417 2427
541 2420 2437
542 2447 2531
543 2440 2455
544 2451 2464
545 2459 2472
546 2469 2480
547 2476 2489
548 2484 2501
549 2491 2509
550 2505 2518
551 2513 2528
552 2699 2727
553 2715 2704
554 2726 2695
555 2722 2745
556 2748 2709
557 2670 2686
558 2680 2704
559 2709 2726
560 2703 2868
561 2658 2692
562 2656 2646
563 2623 2836
564 2730 2811
565 2659 2663
566 2654 2886
567 2762 2809
568 2720 2859
569 2737 2741
570 2728 2864
571 2779 2740
572 2783 2759
573 2772 2750
574 2783 2742
575 2781 2751
576 2802 2759
577 2809 2768
578 2765 2780
579 2773 2807
580 2783 2800
581 2810 2809
582 2804 2837
583 2811 2902
584 2820 2854
585 2831 2863
586 2842 2910
587 2869 2867
588 2879 2876
589 2924 2886
590 2895 2895
591 2914 2905
592 2900 3000
593 2911 2924
594 3004 2988
595 2928 2962
596 2940 2970
597 2977 2990
598 2977 2973
599 3001 2984
600 3051 3213
601 2988 3061
602 3193 3128
603 3027 3098
604 3128 3032
605 3098 3062
606 3119 3052
607 3049 3137
608 3114 3090
609 3067 3219
610 3099 3093
611 3122 3371
612 3183 3115
613 3109 3158
614 3117 3276
615 3206 3144
616 3156 3153
617 3148 3163
618 3159 3235
619 3168 3220
620 3199 3194
621 3206 3204
622 3200 3213
623 3208 3261
624 3218 3281
625 3248 3245
626 3336 3303
627 3250 3267
628 3260 3295
629 3289 3383
630 3297 3296
631 3397 3309
632 3303 3335
633 3333 3347
634 3431 3354
635 3334 3368
636 3343 3378
637 3374 3371
638 3383 3379
639 3375 3410
640 3386 3420
641 3516 3471
642 3407 3426
643 3435 3453
644 3431 3540
645 3440 3457
646 3450 3471
647 3462 3482
648 3661 3600
649 3482 3505
650 3493 3517
651 3502 3528
652 3514 3541
653 3525 3551
654 3801 3868
655 3929 3863
656 3825 3866
657 3837 3904
658 3885 3837
659 3824 3803
660 3807 3755
661 3874 3845
662 3898 3989
663 3925 3924
664 3905 3961
665 3795 3926
666 3926 3924
667 3973 3905
668 3910 4054
669 4040 3882
670 4043 4128
671 3865 4123
672 3868 3923
673 4084 3942
674 4021 4160
675 4016 3986
676 3900 3932
677 3953 3964
678 3893 3851
679 3818 3862
680 3820 3889
681 3866 3884
682 3901 3986
683 3871 3967
684 3867 3941
685 4035 4058
686 3963 4133
687 3918 4014
688 4000 3987
689 3994 4070
690 3932 4367
691 4204 4146
692 4210 4182
693 4208 4409
694 4105 4271
695 4102 4189
696 4351 4169
697 4216 4321
698 4200 4403
699 4204 4290
700 4282 4276
701 4438 4307
702 4194 4564
703 4205 4331
704 4349 4287
705 4356 4370
706 4396 4599
707 4268 4638
708 4270 4415
709 4487 4588
710 4497 4441
711 4486 4668
712 4261 4774
713 4432 4485
714 4631 4480
715 4494 4543
716 4686 4653
717 4572 4668
718 4374 4738
719 4399 4557
720 4484 4533
721 4759 4457
722 4631 4562
723 4498 3657
724 4796 3487
725 4399 3652
726 4609 3499
727 4793 3545
728 4446 3630
729 4611 3383
730 4613 3525
731 4682 3606
732 4616 3538
733 4504 3575
734 4640 3438
735 4788 3545
736 4736 3637
737 4658 3549
738 4568 3650
739 4887 3620
740 4721 3595
741 4803 3688
742 4763 3669
743 4753 3569
744 4811 3640
745 4929 3717
746 4774 3662
747 4713 3747
748 4724 3543
749 4931 3729
750 4891 3752
751 4899 3904
752 4870 3797
753 4840 3612
754 4821 3592
755 4724 3780
756 4717 3599
757 4740 3612
758 4793 3622
759 4903 3726
760 4767 3641
761 4777 3670
762 4808 4070
763 4821 3835
764 5043 3837
765 5072 3796
766 5058 3894
767 5250 3955
768 5150 3983
769 5053 4102
770 5037 3861
771 5054 4086
772 5078 3815
773 5197 3873
774 5423 4025
775 5350 4105
776 5274 4048
777 5179 4083
778 5012 3869
779 5117 3879
780 5201 3854
781 5342 3913
782 5484 3968
783 5574 4040
784 5229 4129
785 5134 4212
786 5136 4022
787 5209 3904
788 5239 3944
789 5357 3986
790 5576 4019
791 5442 4056
792 5247 3980
793 5519 4135
794 5227 4108
795 5270 3979
796 5328 4363
797 5376 4055
798 5380 4158
799 5337 4097
800 5717 4256
801 5849 4249
802 5682 4293
803 5727 4251
804 5813 4297
805 5853 4255
806 5809 4314
807 5870 4447
808 5706 4520
809 5858 4553
810 5716 4499
811 5720 4545
812 5712 4528
813 5811 4558
814 5735 4541
815 5734 4535
816 5777 4463
817 5694 4399
818 5745 4351
819 5712 4377
820 5795 4364
821 5846 4440
822 6006 4519
823 5809 4453
824 5763 4294
825 5735 4463
826 5685 4285
827 5689 4302
828 5694 4601
829 5810 4351
830 5763 4746
831 6027 4407
832 6197 4451
833 5901 4368
834 6217 4641
835 6234 4591
836 6238 4481
837 6308 4747
838 6270 4752
839 6284 4762
840 6168 4658
841 6286 4681
842 6204 4680
843 6314 4826
844 6155 4842
845 6131 4948
846 6200 4969
847 6194 4908
848 6268 4673
849 6125 4604
850 6241 4758
851 6242 4778
852 6215 4802
853 6253 4662
854 6260 4635
855 6282 4677
856 6307 4651
857 6318 4789
858 6653 4976
859 6580 4808
860 6376 4661
861 6226 4732
862 6531 5063
863 6659 4897
864 6453 4900
865 6427 4791
866 6264 4782
867 6298 4773
868 6382 4791
869 6276 4798
870 6337 4848
871 6391 4839
872 6990 5152
873 6715 4798
874 6388 4815
875 6311 4810
876 6380 4819
877 6340 4829
878 6354 4840
879 6369 4851
880 6433 4877
881 6397 4875
882 6428 4880
883 6428 4896
884 6494 4921
885 6477 4934
886 6474 5010
887 6569 4940
888 6556 4945
889 6515 4961
890 6531 4968
891 6580 4980
892 6618 4992
893 6574 5007
894 6586 5011
895 6603 5231
896 6680 5054
897 6631 5149
898 6648 5540
899 6860 5093
900 6740 5079
901 6692 5096
902 6736 5099
903 6719 5137
904 6807 5130
905 6749 5143
906 6763 5148
907 6815 5165
908 6916 5171
909 6826 5188
910 6824 5187
911 6839 5209
912 7340 5519
913 7511 5415
914 6930 5232
915 6897 5255
916 6994 5256
917 6931 5276
918 6944 5282
919 6960 5300
920 7060 5301
921 6989 5324
922 7021 5327
923 7022 5344
924 7169 5350
925 7071 5383
926 7069 5370
927 7082 5389
928 7188 5396
929 7110 5438
930 7825 5820
931 7405 5486
932 7762 5821
933 7805 5924
934 7839 5629
935 7552 5813
936 7625 5863
937 7862 5792
938 7970 5766
939 7266 5752
940 7440 5535
941 7314 5552
942 7328 5650
943 7583 5807
944 7951 5803
945 7915 5837
946 7943 5907
947 7662 5796
948 7875 5912
949 7735 5810
950 7538 5876
951 7521 5688
952 7611 5677
953 7481 6088
954 7794 6028
955 7965 5938
956 8038 5849
957 7594 5847
958 8037 5903
959 7853 5766
960 8158 6157
961 8145 6323
962 8025 6311
963 7929 6197
964 8271 5974
965 8070 5978
966 7688 5929
967 7772 5874
968 7912 5871
969 7735 5967
970 8296 6471
971 8223 6084
972 8230 6442
973 8337 6391
974 8424 6378
975 8414 6489
976 8697 6495
977 8218 6536
978 8487 6348
979 8487 6565
980 8798 6499
981 8555 6294
982 8556 6321
983 8576 6306
984 8426 6569
985 8743 6529
986 8531 6580
987 8802 6333
988 8858 6683
989 8717 6618
990 8770 6507
991 8562 6735
992 9018 6722
993 8798 6680
994 8838 6654
995 8947 6659
996 8996 6720
997 8852 6772
998 8961 6724
999 8859 6699
1000 9036 6746
1001 9058 6699
1002 8829 6872
1003 8688 6936
1004 9257 6886
1005 8782 6896
1006 9112 7015
1007 9083 6907
1008 9136 6909
1009 8931 6874
1010 9156 6861
1011 9131 6894
1012 9244 6825
1013 9055 6644
1014 8872 6553
1015 8483 6450
1016 8635 6457
1017 8515 6493
1018 8532 6483
1019 8568 6512
1020 8693 6507
1021 8585 6526
1022 8600 6534
1023 8619 6567
1024 8849 6558
1025 8702 6576
1026 8668 6585
1027 8740 6623
1028 8826 6606
1029 8718 6624
1030 8738 6635
1031 8773 6656
1032 8886 6852
1033 8790 6704
1034 8900 6705
1035 8819 6706
1036 8960 6708
1037 8852 6784
1038 9399 6822
1039 8972 6810
1040 9033 6768
1041 8919 6797
1042 8955 6788
1043 9129 6876
1044 9411 6924
1045 9148 6898
1046 9040 6844
1047 9026 6857
1048 9237 6871
1049 9058 6885
1050 9075 6952
1051 9135 6928
1052 9222 7265
1053 9349 7132
1054 9216 6946
1055 9164 6977
1056 9283 6973
1057 9197 6990
1058 9216 6998
1059 9232 7032
1060 9353 7019
1061 9286 7042
1062 9287 7049
1063 9360 7125
1064 9507 7079
1065 9338 7094
1066 9354 7103
1067 9390 7203
1068 9485 7130
1069 9408 7147
1070 9645 7359
1071 9479 7176
1072 9636 7183
1073 9709 7757
1074 9919 7814
1075 10286 7560
1076 10084 7511
1077 9988 7662
1078 10001 7748
1079 10130 7560
1080 10206 7786
1081 9878 7685
1082 10263 7456
1083 10370 7920
1084 10243 7976
1085 10533 7646
1086 10280 7709
1087 10409 7981
1088 10410 7938
1089 10544 7790
1090 10397 7898
1091 9801 7476
1092 9897 7473
1093 9849 7470
1094 9852 7479
1095 9868 7496
1096 9989 7504
1097 9902 7520
1098 9924 7535
1099 9962 7550
1100 10038 7650
1101 10052 7615
1102 10459 7797
1103 10223 8118
1104 10553 8067
1105 10729 7989
1106 10679 7895
1107 10515 8240
1108 10660 8361
1109 10776 8323
1110 10872 8052
1111 11163 8028
1112 11012 8184
1113 10675 8473
1114 10832 8437
1115 11090 8403
1116 11125 8073
1117 11173 8173
1118 10954 8266
1119 10890 8416
1120 11038 8443
1121 10806 8437
1122 11120 8286
1123 11100 8115
1124 11003 8405
1125 10906 8359
1126 10782 8526
1127 10811 8443
1128 11161 8249
1129 11158 8171
1130 10761 8153
1131 11045 8711
1132 11000 8476
1133 11256 8498
1134 11506 8376
1135 11017 8557
1136 11164 8668
1137 11394 8646
1138 11364 8672
1139 11272 8658
1140 11403 8491
1141 11263 8538
1142 11510 8617
1143 11537 8830
1144 11401 8805
1145 11343 8837
1146 11293 8760
1147 11407 8710
1148 11438 8644
1149 11148 8461
1150 10920 8499
1151 10975 8329
1152 11297 8759
1153 11725 8796
1154 11805 8768
1155 11784 8911
1156 11801 8719
1157 11722 8761
1158 11757 8718
1159 11815 8773
1160 11832 8830
1161 11927 8814
1162 11861 8828
1163 11964 8907
1164 12006 8736
1165 11987 8612
1166 11661 9109
1167 12798 9300
1168 12315 9229
1169 11756 8749
1170 11873 9006
1171 11303 8566
1172 11339 8571
1173 11323 8625
1174 11410 8697
1175 12036 9268
1176 12038 9216
1177 11971 9121
1178 11687 9484
1179 12139 9450
1180 12275 9377
1181 12239 9212
1182 12458 9405
1183 12296 9195
1184 12528 9366
1185 12567 9317
1186 12589 9355
1187 12556 9559
1188 12590 9542
1189 12529 9391
1190 12237 9431
1191 12395 9466
1192 12350 9384
1193 12158 9346
1194 11968 9200
1195 11857 8983
1196 11892 8971
1197 12485 9518
1198 12667 9550
1199 12627 9572
1200 12654 9481
1201 12514 9159
1202 12490 9419
1203 12477 9454
1204 12645 9521
1205 12784 9557
1206 12455 9466
1207 12680 9493
1208 12296 9336
1209 12110 9210
1210 12043 9131
1211 12064 9254
1212 12144 9161
1213 12105 9175
1214 12966 9448
1215 12185 9287
1216 12229 9237
1217 12190 9258
1218 12315 9324
1219 12244 9269
1220 12337 9372
1221 12344 9358
1222 12400 9426
1223 12689 9559
1224 12918 9416
1225 12495 9452
1226 12486 9664
1227 12486 9449
1228 12608 9458
1229 12574 9474
1230 12644 10080
1231 13476 9956
1232 12686 9580
1233 12733 9680
1234 12653 9596
1235 12724 9618
1236 12651 9526
1237 12588 9556
1238 12609 9726
1239 12635 9574
1240 12718 9603
1241 12667 9603
1242 12686 9615
1243 12742 9636
1244 12941 9668
1245 12749 9666
1246 12790 9682
1247 12790 9698
1248 12883 9705
1249 12850 9729
1250 12856 9874
1251 13036 9848
1252 13069 9990
1253 13042 9871
1254 13038 9902
1255 13050 9878
1256 13166 10386
1257 13159 9901
1258 13184 9933
1259 13134 9973
1260 14100 10628
1261 13670 10035
1262 13284 10053
1263 13235 10056
1264 13449 10087
1265 13181 9995
1266 13370 9983
1267 13202 10014
1268 13418 10014
1269 13264 10044
1270 13284 10051
1271 13286 10282
1272 13400 10078
1273 13345 10124
1274 13402 10116
1275 13371 10133
1276 13505 10613
1277 13433 10184
1278 13492 10216
1279 13472 10195
1280 13573 10204
1281 13584 10228
1282 13541 10238
1283 13540 10496
1284 13694 10268
1285 13638 10295
1286 13632 10300
1287 13620 10326
1288 13759 10374
1289 13693 10375
1290 13735 10365
1291 13708 10388
1292 13911 10436
1293 14050 10420
1294 13808 10431
1295 13878 10453
1296 13923 10461
1297 13869 10521
1298 14126 10530
1299 14158 10532
1300 14055 10526
1301 13961 10553
1302 13985 10574
1303 13997 10583
1304 14106 10626
1305 14100 10611
1306 14301 10621
1307 14045 10646
1308 14286 10655
1309 14136 10832
1310 14156 10742
1311 14358 10712
1312 14283 10721
1313 14223 10743
1314 14248 10749
1315 14218 10810
1316 14374 10780
1317 14310 10808
1318 14352 10819
1319 14306 10838
1320 14463 10870
1321 14404 10874
1322 14424 10904
1323 14427 10908
1324 14567 10920
1325 14783 11233
1326 14557 11005
1327 14482 11052
1328 14679 10982
1329 14596 11022
1330 14603 11032
1331 14732 11140
1332 14724 11043
1333 14775 11065
1334 14694 11081
1335 14656 11138
1336 15067 11127
1337 14757 11135
1338 14782 11151
1339 14741 11169
1340 14951 11203
1341 14846 11218
1342 14869 11231
1343 14828 11389
1344 14997 11266
1345 14957 11485
1346 14966 11338
1347 14972 11301
1348 15322 11404
1349 15030 11338
1350 15083 11376
1351 15007 11367
1352 15209 11442
1353 15121 11399
1354 15159 11453
1355 15094 11433
1356 15278 11448
1357 15228 11550
1358 15237 11530
1359 15190 11537
1360 15646 11565
1361 15306 11536
1362 15343 11599
1363 15273 11565
1364 15487 11595
1365 15399 11639
1366 15423 11672
1367 15364 11857
1368 15558 11710
1369 15591 11672
1370 15506 11747
1371 15455 11740
1372 15932 11738
1373 15580 11740
1374 15605 11824
1375 15546 11773
1376 15762 11867
1377 15692 11805
1378 15695 11916
1379 15850 11840
1380 15835 11853
1381 15767 11874
1382 15814 12011
1383 15725 12108
1384 15932 12014
1385 15874 11941
1386 15880 12047
1387 15818 12012
1388 16035 11990
1389 15954 12013
1390 15977 12258
1391 15924 12050
1392 16216 12155
1393 16043 12086
1394 16124 12189
1395 16086 12120
1396 16216 12152
1397 16142 12160
1398 16166 12269
1399 16087 12200
1400 16316 12298
1401 16253 12238
1402 16254 12317
1403 16197 12341
1404 26851 16566
1405 20166 14399
1406 17313 12600
1407 16294 12352
1408 16501 12408
1409 16439 12390
1410 16450 12476
1411 16373 12416
1412 16813 12458
1413 16518 12464
1414 16541 12507
1415 16459 12505
1416 16726 12824
1417 16611 12546
1418 16653 12582
1419 16549 12536
1420 16789 12592
1421 16726 12679
1422 16736 12645
1423 16881 12659
1424 16939 12680
1425 16804 12702
1426 16844 12694
1427 16858 12788
1428 16947 12749
1429 16898 12775
1430 16924 12757
1431 16850 12818
1432 17057 12794
1433 17050 12852
1434 17085 12826
1435 16943 12900
1436 17135 12902
1437 17092 12976
1438 17359 12885
1439 17019 12985
1440 17217 12916
1441 17188 13023
1442 17209 12953
1443 17134 12958
1444 17319 13301
1445 17286 10957
1446 17394 9945
1447 17608 9983
1448 17480 9963
1449 17384 9988
1450 17442 10032
1451 17303 10016
1452 17530 10048
1453 17480 10041
1454 17506 10071
1455 17398 10065
1456 17593 10089
1457 17682 10098
1458 17603 10130
1459 17541 10124
1460 17688 10151
1461 17674 10172
1462 17702 10163
1463 17591 10177
1464 17774 10182
1465 17793 10205
1466 17797 10253
1467 17688 10232
1468 17976 10278
1469 17918 10259
1470 17930 10318
1471 17787 10283
1472 17982 10339
1473 17966 10317
1474 18011 10396
1475 17883 10355
1476 18110 10400
1477 18069 10600
1478 18098 10389
1479 18062 10395
1480 18154 10407
1481 18168 10453
1482 18194 10490
1483 18090 10457
1484 18253 10509
1485 18282 10494
1486 18309 10548
1487 18190 10521
1488 18584 10565
1489 18364 10581
1490 18388 10605
1491 18270 10619
1492 18710 10618
1493 18569 10593
1494 18493 10660
1495 18367 10613
1496 18538 10679
1497 18641 10684
1498 18595 10714
1499 18467 10707
1500 18717 10736
1501 18703 10855
1502 18757 10776
1503 18691 10830
1504 19127 10933
1505 19451 11506
1506 18850 10821
1507 18710 10840
1508 19271 11326
1509 19558 11331
1510 19339 11622
1511 19276 11245
1512 19280 11344
1513 19401 11055
1514 19453 11063
1515 19514 11326
1516 19519 11327
1517 19254 11110
1518 19583 11021
1519 19312 11292
1520 19605 11173
1521 19671 11285
1522 19286 11371
1523 19122 11608
1524 19823 11130
1525 19339 11383
1526 19508 11161
1527 19790 11410
1528 19702 11451
1529 19907 11266
1530 19693 11324
1531 20372 11355
1532 19538 11156
1533 19523 11632
1534 20059 11228
1535 19781 11305
1536 19504 11718
1537 19585 11272
1538 19611 11587
1539 19503 11294
1540 19639 11263
1541 19697 11364
1542 19754 11534
1543 19564 11393
1544 19701 11321
1545 19828 11397
1546 19845 11372
1547 19685 11408
1548 19972 11506
1549 19893 11437
1550 19923 11405
1551 19778 11465
1552 20126 11445
1553 20010 11500
1554 20026 11466
1555 19921 11532
1556 20010 11505
1557 20103 11612
1558 20438 11548
1559 19972 11632
1560 20099 11554
1561 20237 11635
1562 20441 11591
1563 20094 11625
1564 20201 11612
1565 20332 11652
1566 20358 11680
1567 20192 11671
1568 20301 11681
1569 20437 11701
1570 20802 11725
1571 20281 11871
1572 20431 11748
1573 20526 11784
1574 20606 11786
1575 20384 11794
1576 20509 11807
1577 20674 11898
1578 20675 11871
1579 20488 11833
1580 20620 11915
1581 20949 11864
1582 20776 11918
1583 20592 11886
1584 20723 11937
1585 20895 11917
1586 20881 12111
1587 20696 11944
1588 20806 12000
1589 20949 11976
1590 21105 12154
1591 20797 12025
1592 20914 12059
1593 21068 12057
1594 21079 12113
1595 20920 12076
1596 21090 12111
1597 21182 12105
1598 21190 12150
1599 21049 12141
1600 21113 12164
1601 21268 12167
1602 21312 12201
1603 21111 12201
1604 21248 12243
1605 21695 12238
1606 21424 12259
1607 21778 12272
1608 21373 12281
1609 21482 12302
1610 21512 12313
1611 21325 12353
1612 21428 12329
1613 21610 12407
1614 22224 12941
1615 22335 12952
1616 22514 12889
1617 22434 13019
1618 22714 12870
1619 22501 12931
1620 22569 12945
1621 22546 12953
1622 22795 12836
1623 22513 13118
1624 22541 12964
1625 22784 12997
1626 22252 12571
1627 21769 13249
1628 22793 13025
1629 22914 13109
1630 22981 13029
1631 22906 13272
1632 22992 12724
1633 22169 12685
1634 23125 13119
1635 22771 13245
1636 22686 12849
1637 22297 13607
1638 22518 12742
1639 22088 12768
1640 22276 12744
1641 22370 12800
1642 22452 12792
1643 22180 13058
1644 22293 12830
1645 22460 12854
1646 22513 12856
1647 22303 12903
1648 22388 12879
1649 22574 12910
1650 22606 13004
1651 22403 12973
1652 22746 12941
1653 22705 12970
1654 22713 12991
1655 22503 12996
1656 22586 13014
1657 23023 13114
1658 22846 13059
1659 22944 13049
1660 22743 13079
1661 22903 13076
1662 22928 13129
1663 22737 13116
1664 22795 13166
1665 23029 13128
1666 23090 13197
1667 22830 13161
1668 22911 13236
1669 23343 13190
1670 23169 13265
1671 22939 13235
1672 23009 13279
1673 23228 13270
1674 23578 13327
1675 23069 13286
1676 24467 13449
1677 23355 13488
1678 23362 13398
1679 23167 13353
1680 23240 13401
1681 23466 13393
1682 23472 13680
1683 23271 13434
1684 23333 13460
1685 23604 13482
1686 23585 13497
1687 23380 13491
1688 23448 13570
1689 23661 13602
1690 23707 13556
1691 23493 13562
1692 23553 13644
1693 23768 13650
1694 24042 13612
1695 23623 13621
1696 23678 13630
1697 23880 13665
1698 23924 13672
1699 23909 13699
1700 23774 13689
1701 23995 13744
1702 24264 13730
1703 23845 13762
1704 23883 13771
1705 24102 13807
1706 24140 13808
1707 24259 13834
1708 24006 13815
1709 24268 13879
1710 24429 13939
1711 24068 13910
1712 24104 13867
1713 24324 13939
1714 24347 13931
1715 24496 14238
1716 24289 13963
1717 24433 14028
1718 24547 14069
1719 24292 14034
1720 24322 13989
1721 24546 14070
1722 24568 14049
1723 24703 14092
1724 24451 14055
1725 24910 14149
1726 24917 14101
1727 24518 14152
1728 24594 14129
1729 24765 14187
1730 24819 14171
1731 24748 14217
1732 24653 14190
1733 24890 14424
1734 25133 14242
1735 25415 14289
1736 24836 14314
1737 24994 14327
1738 25034 14311
1739 24843 14329
1740 25318 14661
1741 25349 15476
1742 25984 14900
1743 24987 14393
1744 25006 14415
1745 27042 15441
1746 25998 14607
1747 25129 14451
1748 25105 14498
1749 25333 14756
1750 25377 14521
1751 25187 14515
1752 25219 14549
1753 25439 14544
1754 25812 14589
1755 25299 14841
1756 25333 14633
1757 25753 14603
1758 25585 14664
1759 25418 14630
1760 25446 14705
1761 25730 14667
1762 25703 14752
1763 25530 14692
1764 25598 14765
1765 25792 14731
1766 25827 14820
1767 25648 14768
1768 25680 14835
1769 26139 14886
1770 25938 14860
1771 25804 14854
1772 26093 14915
1773 26027 14874
1774 26081 14961
1775 25879 14932
1776 27475 15529
1777 27175 15084
1778 26583 15398
1779 26722 15358
1780 26675 15581
1781 27181 15363
1782 26353 15052
1783 26131 15043
1784 26268 15068
1785 26646 15120
1786 26414 15146
1787 26285 15118
1788 26265 15133
1789 26501 15173
1790 26556 15178
1791 26573 15274
1792 26384 15195
1793 27598 15821
1794 27688 15968
1795 26499 15257
1796 26940 15489
1797 27734 16047
1798 27512 15731
1799 27313 15373
1800 27608 15732
1801 27907 16190
1802 27612 15946
1803 27791 16036
1804 27956 16049
1805 27838 16059
1806 27635 15982
1807 27721 16048
1808 27312 15929
1809 27736 16281
1810 28254 15595
1811 26971 15575
1812 26977 15581
1813 27234 15592
1814 27408 15554
1815 27842 15887
1816 27898 15574
1817 27360 15659
1818 27369 15642
1819 27248 15728
1820 27209 15649
1821 27456 15734
1822 27511 15810
1823 27334 15746
1824 27341 15739
1825 27615 15804
1826 27630 15744
1827 27413 15832
1828 27967 15779
1829 27722 15849
1830 27849 15830
1831 27540 15873
1832 27564 15833
1833 27834 15913
1834 27852 15900
1835 27657 15940
1836 27724 15907
1837 27961 15981
1838 27979 15947
1839 27777 16004
1840 27820 15976
1841 28068 16061
1842 28101 16074
1843 28027 16070
1844 27992 16039
1845 28209 16103
1846 28220 16110
1847 28038 16134
1848 28055 16137
1849 28306 16175
1850 28361 16380
1851 28153 16200
1852 28181 16206
1853 28434 16245
1854 28469 16334
1855 28287 16256
1856 28290 16254
1857 28560 16524
1858 28608 16295
1859 28386 16342
1860 28515 16319
1861 28683 16715
1862 28741 16368
1863 28516 16429
1864 28764 16387
1865 28805 16419
1866 29909 17042
1867 29882 17266
1868 29205 17238
1869 29754 16882
1870 29086 16504
1871 28872 16536
1872 29494 16639
1873 29961 17403
1874 29733 17242
1875 29895 17207
1876 29628 16641
1877 29056 16880
1878 29225 16648
1879 29134 16655
1880 29289 16663
1881 29350 16863
1882 29392 17132
1883 29249 16753
1884 29716 16781
1885 29306 16785
1886 29456 16791
1887 29370 16796
1888 29703 16806
1889 29423 16848
1890 29617 16852
1891 29491 16866
1892 29646 16897
1893 29552 16923
1894 29708 17109
1895 29589 17006
1896 29771 16968
1897 29898 16982
1898 29839 17014
1899 29763 17010
1900 29900 17021
1901 30116 17052
1902 30649 17072
1903 29856 17083
1904 30020 17089
1905 29915 17119
1906 30094 17157
1907 29954 17274
1908 30151 17709
1909 30019 17222
1910 30447 17207
1911 30086 17222
1912 30290 17236
1913 30142 17265
1914 30658 17278
1915 30203 17314
1916 30424 17301
1917 30275 17350
1918 30463 17358
1919 30345 17367
1920 30525 17690
1921 30605 17507
1922 30632 17459
1923 30736 17471
1924 30676 17484
1925 30509 17482
1926 30759 17511
1927 30590 17508
1928 30794 17550
1929 30637 17785
1930 30849 17580
1931 30696 17590
1932 30924 17592
1933 31063 17624
1934 31653 17711
1935 30883 17718
1936 31038 17667
1937 30884 17696
1938 31128 17713
1939 30997 18044
1940 31307 17734
1941 31743 18474
1942 32494 18204
1943 31708 18321
1944 32114 18561
1945 32460 18849
1946 32691 18573
1947 32571 18798
1948 32796 18584
1949 32577 18568
1950 32838 18645
1951 32465 18778
1952 32740 18672
1953 32598 18755
1954 32524 18299
1955 32672 18707
1956 33069 18746
1957 32796 18815
1958 33300 18662
1959 32719 18772
1960 34014 19221
1961 33187 19142
1962 33881 18962
1963 33326 18810
1964 33500 19247
1965 33284 19211
1966 33423 19935
1967 33321 18972
1968 33825 19070
1969 32275 18760
1970 34662 18765
1971 33421 19084
1972 33486 19259
1973 34054 19462
1974 34951 19651
1975 34299 19808
1976 34735 19896
1977 34803 19599
1978 34138 19650
1979 33772 18556
1980 33484 18743
1981 34156 20037
1982 33930 19362
1983 33806 19458
1984 34998 20091
1985 34628 19642
1986 35389 20094
1987 34899 19715
1988 34507 20242
1989 35204 20053
1990 34713 19694
1991 34424 19324
1992 35667 19705
1993 33604 19015
1994 33409 18738
1995 33561 18863
1996 33296 19501
1997 34811 20429
1998 35597 19984
1999 34280 20205
2000 35332 20173
2001 35168 19719
2002 33298 18905
2003 33274 18926
2004 34726 20157
2005 34842 19915
2006 35561 20014
2007 35065 19983
2008 34560 19813
2009 33546 19633
2010 35816 20531
2011 35677 20223
2012 36195 20502
2013 35242 20239
2014 35976 20334
2015 36527 20634
2016 35850 20647
2017 35619 20832
2018 36132 20586
2019 34462 19367
2020 33812 19215
2021 34075 19992
2022 35647 20147
2023 35057 20365
2024 35963 20738
2025 35569 19771
2026 35821 20230
2027 34964 20135
2028 35810 19978
2029 35295 20244
2030 35794 20367
2031 35420 20442
2032 35902 20470
2033 35247 19791
2034 36131 20423
2035 35819 21093
2036 37108 20160
2037 34168 20109
2038 37153 20690
2039 35893 20790
2040 36524 20592
2041 36162 20728
2042 36106 20674
2043 35633 20556
2044 35953 20562
2045 34431 19755
2046 34889 19930
2047 35583 19808
2048 35291 20108
2049 34939 19878
2050 34856 19842
2051 34537 19868
2052 34869 20268
2053 35325 20099
2054 37431 21374
2055 35638 19968
2056 35402 19894
2057 34787 20633
2058 35403 20018
2059 34858 20019
2060 35272 20201
2061 34899 20066
2062 35204 20084
2063 34967 20106
2064 36482 20539
2065 35035 20417
2066 35379 20162
2067 37082 21738
2068 38810 21729
2069 36991 21470
2070 38120 21341
2071 37902 21678
2072 38847 22269
2073 35703 20475
2074 37317 20730
2075 35374 20341
2076 36087 20817
2077 36048 20782
2078 35758 20344
2079 35730 20357
2080 36104 20903
2081 36081 20458
2082 35929 20502
2083 36016 21330
2084 35992 20449
2085 36027 20545
2086 36026 20605
2087 36027 20601
2088 36092 20593
2089 35835 20571
2090 36169 20889
2091 36155 21946
2092 38210 21804
2093 38205 21733
2094 38730 21760
2095 38629 22168
2096 39272 22324
2097 38196 21928
2098 38384 21729
2099 38521 21869
2100 40140 22443
2101 39247 22276
2102 39722 22237
2103 38489 22134
2104 38973 22208
2105 38044 22412
2106 38835 22179
2107 38225 21917
2108 38060 21741
2109 36747 21350
2110 38863 21968
2111 39221 22021
2112 39373 22251
2113 38836 21993
2114 38227 21094
2115 37827 21071
2116 37142 21077
2117 38012 23077
2118 38389 22317
2119 37612 22372
2120 39597 22589
2121 40110 22692
2122 40342 22533
2123 38764 22236
2124 38078 21899
2125 38486 22728
2126 38072 21360
2127 38712 22769
2128 39293 21526
2129 39774 22788
2130 39784 23238
2131 40272 23627
2132 39205 21576
2133 39440 23763
2134 40950 22829
2135 40225 22865
2136 40276 23234
2137 39756 22945
2138 39788 23106
2139 40363 23512
2140 41565 23524
2141 40781 23548
2142 40724 23194
2143 39862 22915
2144 40526 22646
2145 41009 23260
2146 40908 23495
2147 40826 23107
2148 40653 22815
2149 39310 22187
2150 40335 21989
2151 39787 22944
2152 39525 21863
2153 39152 22631
2154 40221 22730
2155 40056 23164
2156 40794 22865
2157 40994 23382
2158 41029 23713
2159 41048 23215
2160 39903 22141
2161 40623 23119
2162 39697 22028
2163 38410 22438
2164 40521 23015
2165 41166 22493
2166 38920 22089
2167 38567 22081
2168 40330 22964
2169 40195 23047
2170 39016 22149
2171 39418 22798
2172 39407 22176
2173 40194 23131
2174 41230 23051
2175 39022 22339
2176 39425 23762
2177 42955 24846
2178 40596 24413
2179 41890 24317
2180 42446 23130
2181 41912 23779
2182 42571 24175
2183 42361 24003
2184 41963 23975
2185 41214 24237
2186 42571 23832
2187 42586 23886
2188 42088 24485
2189 42740 24298
2190 42481 24481
2191 41301 22626
2192 39992 23563
2193 42915 24663
2194 42707 24140
2195 41473 24060
2196 40736 22684
2197 41219 23688
2198 42246 23673
2199 41512 23716
2200 41172 23230
2201 41438 24194
2202 41822 24112
2203 41712 23582
2204 40865 22991
2205 39934 22870
2206 40275 22902
2207 40330 23475
2208 41955 23912
2209 42019 24580
2210 41962 23882
2211 43228 23893
2212 42162 23822
2213 40643 23347
2214 41289 24785
2215 42100 24793
2216 44201 25162
2217 43827 24573
2218 43111 23699
2219 42723 24305
2220 44054 24962
2221 42911 24954
2222 43296 25171
2223 43304 24729
2224 43292 24279
2225 40782 23587
2226 41896 23852
2227 42606 24207
2228 41807 23427
2229 40953 23480
2230 41990 23578
2231 41119 23529
2232 41670 23564
2233 41181 24042
2234 42928 24624
2235 43757 23712
2236 43154 24388
2237 41672 23552
2238 41447 23561
2239 44154 25151
2240 43889 24742
2241 41860 23725
2242 42168 23961
2243 42155 24428
2244 42335 23677
2245 41391 23713
2246 41967 23954
2247 44719 25567
2248 43477 24479
2249 41955 23983
2250 42602 24090
2251 41706 23859
2252 41973 23926
2253 42236 23979
2254 42223 23964
2255 43672 24929
2256 43998 24865
2257 45195 25650
2258 44738 24354
2259 42138 24353
2260 42480 24159
2261 42698 24475
2262 43827 24499
2263 42276 24181
2264 42683 24109
2265 42301 24170
2266 42747 24805
2267 42888 24616
2268 42593 24211
2269 42261 24233
2270 42652 24264
2271 42868 25588
2272 42797 24565
2273 42744 24395
2274 43422 24428
2275 42535 24368
2276 42894 24370
2277 42573 24412
2278 42939 24423
2279 42639 24441
2280 43064 25749
2281 43385 24801
2282 43364 24508
2283 43854 24607
2284 44094 24712
2285 43413 24565
2286 44417 24600
2287 42934 24599
2288 44312 25007
2289 43134 25507
2290 43775 24685
2291 43670 24765
2292 44676 25898
2293 44189 25257
2294 44406 24797
2295 43246 24798
2296 43621 25123
2297 43572 24833
2298 44258 24850
2299 43441 24846
2300 44561 24962
2301 43674 25372
2302 44816 25011
2303 43699 27010
2304 47238 26776
2305 47545 26731
2306 47215 26686
2307 46608 26201
2308 48346 27266
2309 47602 26668
2310 45417 25159
2311 44039 25540
2312 45060 25335
2313 44478 25277
2314 45227 25640
2315 44372 26144
2316 45840 25839
2317 47450 27458
2318 45883 25596
2319 44364 25267
2320 44872 25282
2321 46600 27063
2322 47151 27166
2323 47514 26738
2324 45998 26225
2325 44672 25637
2326 45730 27616
2327 48507 27629
2328 46598 26164
2329 45259 25604
2330 44935 25823
2331 45128 25602
2332 45489 25923
2333 44786 25567
2334 45354 26081
2335 46574 27859
2336 48836 27273
2337 46743 26371
2338 47095 26698
2339 45827 25991
2340 48924 27790
2341 46918 26772
2342 47279 27022
2343 47111 27161
2344 47189 25887
2345 45666 26289
2346 47696 27998
2347 47367 26656
2348 47256 27404
2349 46727 26571
2350 46693 26336
2351 48603 27727
2352 48722 27886
2353 49643 27828
2354 49563 28119
2355 49255 27716
2356 49692 28446
2357 49442 27898
2358 50025 28251
2359 49189 28165
2360 49433 28315
2361 49412 28039
2362 47984 28014
2363 49085 27600
2364 48911 28135
2365 48745 28617
2366 48785 28177
2367 48927 27241
2368 48998 27981
2369 49169 28141
2370 49436 28222
2371 49319 28106
2372 49346 27759
2373 48988 27826
2374 48347 27092
2375 46299 26520
2376 46714 26558
2377 46833 26587
2378 46853 27344
2379 46497 26704
2380 47073 26737
2381 47394 26644
2382 46984 26735
2383 46643 26684
2384 47413 26768
2385 47119 26918
2386 47079 26806
2387 46868 26768
2388 47111 27086
2389 47631 27318
2390 48476 28019
2391 47223 27706
2392 49986 27296
2393 47350 28119
2394 50012 28199
2395 49415 28478
2396 49460 27300
2397 48021 27254
2398 47558 27077
2399 47502 27050
2400 47591 27369
2401 47658 27242
2402 47682 27164
2403 47668 27139
2404 47812 27480
2405 47910 27221
2406 47933 27234
2407 47874 27238
2408 47940 27241
2409 47967 27288
2410 47994 27361
2411 48011 27358
2412 48077 27371
2413 48118 27636
2414 48186 27430
2415 48158 27484
2416 48258 27425
2417 48296 27501
2418 48326 27483
2419 49729 29290
2420 51503 28930
2421 51283 29788
2422 52287 29505
2423 51553 29300
2424 51921 29789
2425 51372 29849
2426 52476 29824
2427 51840 29528
2428 51384 29508
2429 51624 29335
2430 51371 29376
2431 50941 29299
2432 51541 29025
2433 51166 29028
2434 49470 28177
2435 48908 27908
2436 49039 27977
2437 49052 28020
2438 49086 28245
2439 48909 27935
2440 49379 27986
2441 49444 27990
2442 49417 28247
2443 48985 28094
2444 49366 28310
2445 49701 28142
2446 49554 28217
2447 49152 28176
2448 49523 28120
2449 50044 28243
2450 50171 28184
2451 49307 28277
2452 50047 28215
2453 49682 28330
2454 49983 28328
2455 49469 28485
2456 49845 28358
2457 49838 28337
2458 50234 28362
2459 49632 28713
2460 50347 28473
2461 50025 28510
2462 50302 28462
2463 49927 28682
2464 50175 28581
2465 50257 28611
2466 50196 28538
2467 50290 28645
2468 50394 28592
2469 50340 28686
2470 50389 28708
2471 50372 28649
2472 50783 28741
2473 50471 28726
2474 50513 28723
2475 50496 28838
2476 50712 28751
2477 50642 29158
2478 50698 28815
2479 50457 28919
2480 50791 28845
2481 53199 30806
2482 54358 31005
2483 54335 30537
2484 54195 30422
2485 52969 30358
2486 53249 30439
2487 51007 29012
2488 51965 29232
2489 51319 29202
2490 51387 30409
2491 52834 30813
2492 53112 30478
2493 53692 30515
2494 53723 29773
2495 52377 30324
2496 52866 30286
2497 51880 29332
2498 51570 29343
2499 52240 30107
2500 52784 29447
2501 51928 30049
2502 51751 29395
2503 51740 29753
2504 51798 29421
2505 51783 29704
2506 51864 29517
2507 53647 30890
2508 53955 30838
2509 54071 30814
2510 52958 29685
2511 52737 30867
2512 55124 31086
2513 54072 30785
2514 53658 30274
2515 53549 30637
2516 53681 30054
2517 52259 29715
2518 54544 31432
2519 55650 32000
2520 56261 31881
2521 56356 31933
2522 54755 31001
2523 54108 31053
2524 54555 30858
2525 54754 31229
2526 52675 30231
2527 53610 31280
2528 54616 31270
2529 55075 31235
2530 54972 31253
2531 53541 30608
2532 53820 30606
2533 53738 30611
2534 55815 32531
2535 56764 32417
2536 57002 32026
2537 55887 31422
2538 53454 30294
2539 52923 30569
2540 55006 30867
2541 54946 31540
2542 53287 30332
2543 53739 30646
2544 53634 30461
2545 53642 30453
2546 53452 30428
2547 53306 30508
2548 53833 31080
2549 53596 30483
2550 55774 31458
2551 55614 31754
2552 55757 31744
2553 55773 31726
2554 55598 31871
2555 54279 31315
2556 55680 31826
2557 55413 31670
2558 56005 31919
2559 56004 32147
2560 56121 31934
2561 56105 32227
2562 56360 32339
2563 56203 32127
2564 55884 30843
2565 54270 31073
2566 54321 31079
2567 54128 31030
2568 55274 32460
2569 56198 31989
2570 55418 32164
2571 57202 32737
2572 57462 32786
2573 57780 32974
2574 57619 32468
2575 59053 33118
2576 58211 32651
2577 58796 33260
2578 56326 32700
2579 58722 33458
2580 58464 33425
2581 58229 33282
2582 58232 32953
2583 58186 33395
2584 58476 33237
2585 55478 31558
2586 55554 31419
2587 54977 31365
2588 55475 31445
2589 55240 31664
2590 56055 31753
2591 55143 31595
2592 55365 31560
2593 55692 31528
2594 55547 31642
2595 55500 31689
2596 55887 31827
2597 55628 31771
2598 55648 31688
2599 55475 31754
2600 55997 31682
2601 55846 31726
2602 55958 31925
2603 55917 31986
2604 56538 31919
2605 56179 31803
2606 55966 31943
2607 56110 31862
2608 56043 31951
2609 57070 31905
2610 56138 32280
2611 56027 32033
2612 56213 32050
2613 56286 32053
2614 56538 32052
2615 56169 32126
2616 56680 32050
2617 56432 32383
2618 56563 32206
2619 56381 32163
2620 56560 32235
2621 56751 32922
2622 56676 32302
2623 56796 32230
2624 56996 32580
2625 56880 32289
2626 56837 32675
2627 56724 32328
2628 56932 32460
2629 56986 32444
2630 57089 32428
2631 57112 32932
2632 57188 32458
2633 57175 32751
2634 57165 32877
2635 57084 32622
2636 57244 32632
2637 57845 32819
2638 57582 32707
2639 57223 32619
2640 57669 32723
2641 57743 32698
2642 57743 33186
2643 57443 33008
2644 57591 32832
2645 57888 32826
2646 57720 32807
2647 57555 32865
2648 58005 32866
2649 58022 32896
2650 58359 33183
2651 57718 33187
2652 58019 33032
2653 58001 32996
2654 58065 33097
2655 57934 33064
2656 58101 33148
2657 58425 33117
2658 58750 33199
2659 58146 33140
2660 58541 33255
2661 58341 33450
2662 58421 33297
2663 58259 33270
2664 58453 33235
2665 58817 33315
2666 58566 33466
2667 58689 33351
2668 58865 33428
2669 58776 33404
2670 59017 33494
2671 58613 33777
2672 58956 33589
2673 58853 33600
2674 58936 33574
2675 58818 34088
2676 58960 33607
2677 59028 33612
2678 59808 33783
2679 58976 34148
2680 59409 33795
2681 59400 33871
2682 59351 33777
2683 59153 34090
2684 59303 33797
2685 59607 33986
2686 59429 33889
2687 59336 33913
2688 59513 33932
2689 59567 33960
2690 59656 34009
2691 60266 34004
2692 59736 34069
2693 60040 34007
2694 59787 34478
2695 59940 34056
2696 59836 34339
2697 59919 34164
2698 59976 34271
2699 59896 34214
2700 60015 34979
2701 60091 34428
2702 60136 34280
2703 60295 34333
2704 60782 34529
2705 60339 34751
2706 60608 34383
2707 60221 34626
2708 60419 34410
2709 60450 35047
2710 60476 34581
2711 60421 34765
2712 60540 34610
2713 60676 34564
2714 60684 34599
2715 60587 34622
2716 60722 34617
2717 62693 34686
2718 60852 34704
2719 61061 34739
2720 61137 34749
2721 61045 34789
2722 61311 34795
2723 60976 35201
2724 61272 34820
2725 61153 35145
2726 61605 35057
2727 61181 35472
2728 61509 35131
2729 61400 34975
2730 61403 35087
2731 61335 35033
2732 61684 35027
2733 61522 35090
2734 61582 35129
2735 61842 35139
2736 62419 36059
2737 61683 35213
2738 61998 35663
2739 61672 35239
2740 61857 35255
2741 62150 35365
2742 62031 35648
2743 61945 35343
2744 61969 35651
2745 62028 35412
2746 62200 35422
2747 62034 35696
2748 62175 35460
2749 62339 35580
2750 62256 35544
2751 62467 35561
2752 63037 35669
2753 62389 35992
2754 62716 35611
2755 62935 35659
2756 62508 35641
2757 62868 35731
2758 62640 35778
2759 62611 35753
2760 63173 35794
2761 63733 35814
2762 63117 35959
2763 63025 36127
2764 62847 35899
2765 63033 35896
2766 63960 36249
2767 63545 35876
2768 63095 36008
2769 63399 36204
2770 63170 36120
2771 63196 36070
2772 63577 36150
2773 63379 36148
2774 63425 36121
2775 63319 36425
2776 63373 36155
2777 63594 36218
2778 63536 36647
2779 63474 36554
2780 63682 36338
2781 63669 36605
2782 63691 36468
2783 63694 36465
2784 63750 36462
2785 63822 36862
2786 64231 37120
2787 63863 36496
2788 63919 36564
2789 64055 36641
2790 64081 36569
2791 64268 36604
2792 64145 36650
2793 64267 36679
2794 64498 36709
2795 64259 36800
2796 64287 36761
2797 64610 36751
2798 64502 36952
2799 64389 36816
2800 64705 36847
2801 64613 36880
2802 64628 36947
2803 64834 36903
2804 64684 36960
2805 64756 36970
2806 65295 36966
2807 64838 37000
2808 64836 37028
2809 65140 37063
2810 66920 38405
2811 67869 39606
2812 65286 37165
2813 65172 37263
2814 65158 37264
2815 65398 37840
2816 65337 37390
2817 65307 37288
2818 65396 37358
2819 65359 37410
2820 65387 37385
2821 65479 37790
2822 65616 37518
2823 65526 37401
2824 65550 37482
2825 65680 37577
2826 66071 37772
2827 65696 38166
2828 66197 37655
2829 65858 38057
2830 65889 37703
2831 65965 37657
2832 65951 37744
2833 66195 37695
2834 66990 37779
2835 66101 37997
2836 66213 37806
2837 66326 37765
2838 66586 37886
2839 67132 38320
2840 66537 37935
2841 66752 38186
2842 66483 37973
2843 66541 37969
2844 66761 38269
2845 67364 38063
2846 66647 38072
2847 66927 38334
2848 66682 38142
2849 66792 38124
2850 67350 38174
2851 67116 38188
2852 66915 38215
2853 67200 38145
2854 67065 38340
2855 67024 38213
2856 67300 38640
2857 67225 38338
2858 67190 38425
2859 67460 38400
2860 67264 38505
2861 67377 38475
2862 67600 38563
2863 67413 38596
2864 67430 38824
2865 67558 38569
2866 67665 38626
2867 68221 38733
2868 67708 38845
2869 67871 38601
2870 68025 39062
2871 67787 38630
2872 68208 38823
2873 68239 39057
2874 67981 38842
2875 67986 38827
2876 68352 38827
2877 68130 38877
2878 68133 38891
2879 68417 39599
2880 68231 39000
2881 68283 39060
2882 68746 38998
2883 68432 39135
2884 68380 39293
2885 68963 39401
2886 68601 39055
2887 68836 39265
2888 68558 39068
2889 68770 35053
2890 68966 33355
2891 69120 30977
2892 68823 30037
2893 69137 30265
2894 68905 30090
2895 69014 30041
2896 69180 30363
2897 69339 30167
2898 69119 30210
2899 69372 30459
2900 69118 30335
2901 69263 30221
2902 69775 30401
2903 69523 30944
2904 69311 30353
2905 69930 30306
2906 69475 30437
2907 69508 30366
2908 69838 30450
2909 69779 30477
2910 69682 30500
2911 69998 30418
2912 69717 30492
2913 69787 30501
2914 70110 30828
2915 69979 30528
2916 69837 30624
2917 70233 30567
2918 70213 30715
2919 70105 30612
2920 70523 30720
2921 70205 30702
2922 70236 30773
2923 70263 30679
2924 70239 30788
2925 70378 30864
2926 70952 30826
2927 70562 30724
2928 70455 31132
2929 71066 31158
2930 70676 31160
2931 71030 30889
2932 70712 30891
2933 70872 30910
2934 71082 30975
2935 70885 30955
2936 70918 30829
2937 71236 31222
2938 71213 30946
2939 71076 31008
2940 71530 30948
2941 71179 31042
2942 71226 31002
2943 71498 31587
2944 71214 31020
2945 71314 31133
2946 71653 31122
2947 71452 31163
2948 71399 31146
2949 71869 31211
2950 71602 31254
2951 71681 31372
2952 71564 31825
2953 71794 31319
2954 71804 31535
2955 72047 31348
2956 71917 31326
2957 72178 31719
2958 72029 31401
2959 72808 31442
2960 72228 31626
2961 72102 31461
2962 72162 31464
2963 72545 31487
2964 72167 31485
2965 72305 31469
2966 72851 31555
2967 72410 31578
2968 72342 31568
2969 72511 31553
2970 72517 31790
2971 72606 31832
2972 72997 31666
2973 72778 31624
2974 72990 31726
2975 72824 31689
2976 72848 31730
2977 73120 31952
2978 72973 31803
2979 72970 31759
2980 73150 31838
2981 73081 31815
2982 73191 31878
2983 73536 31818
2984 73102 31978
2985 73296 32072
2986 73308 31969
2987 73573 32055
2988 73584 31984
2989 73559 32054
2990 73597 32023
2991 73840 32288
2992 73512 32033
2993 73639 32091
2994 74167 32417
2995 73815 32173
2996 73678 32731
2997 74774 32207
2998 74447 32375
2999 74041 32504
