10 701
70 901
90 3901
100 201
110 2601
120 2201
130 601
140 4501
160 601
170 1201
180 3701
190 3701
200 2801
210 901
220 2001
230 601
240 1201
250 301
260 301
270 301
280 301
290 301
300 301
310 301
320 301
330 301
340 301
350 301
360 301
370 301
380 301
390 401
400 401
410 401
420 401
430 301
440 201
450 301
460 201
470 301
480 401
490 401
500 401
510 401
520 401
530 401
540 401
550 401
560 401
570 401
580 101
590 401
600 401
610 401
620 501
630 501
640 101
650 501
660 501
670 501
680 501
690 501
700 501
710 501
720 501
730 501
740 501
750 501
760 501
770 501
780 601
790 601
800 301
810 601
820 601
830 601
840 601
850 601
860 501
870 101
880 201
890 601
900 601
910 601
920 601
930 201
940 601
950 601
960 401
970 601
980 401
990 601
